2797
2774
2905
2794
2472
3026
2665
2628
2740
2640
2346
2974
2711
2505
2713
2751
2388
2949
2775
2727
2808
2653
2424
2853
2559
2716
2785
2732
2497
2981
2487
2712
2696
2670
2299
3010
2676
2680
2681
2809
2250
2998
2524
2762
2761
2676
2360
2939
2627
2633
2730
2781
2258
2879
2581
2751
2677
2652
2511
2784
2780
2629
2562
2686
2339
2796
2564
2688
2836
2574
2290
3028
2509
2659
2692
2590
2231
2932
2430
2612
2803
2592
2417
3035
2624
2667
2657
2694
2325
2988
2542
2795
2656
2766
2235
3105
2444
2683
2639
2740
2201
3044
2520
2712
2773
2619
2375
2779
2579
2816
2744
2716
2369
2822
2728
2621
2686
2714
2285
2988
2654
2590
2667
2572
2205
2830
2541
2522
2563
2628
2197
2904
2354
2531
2690
2484
2250
2904
2538
2526
2666
2642
2300
2880
2475
2531
2513
2620
2294
2879
2386
2645
2621
2609
2159
2776
2293
2644
2697
2565
2291
2962
2570
2626
2569
2703
2240
2792
2604
2696
2630
2814
2364
2881
2311
2549
2625
2393
2311
2869
2615
2515
2733
2648
2290
2833
2298
2703
2658
2527
2231
2836
2543
2632
2780
2697
2067
2727
2580
2475
2897
2502
2367
2965
2521
2512
2536
2731
2293
2889
2506
2646
2696
2726
2199
2940
2705
2559
2551
2767
2452
2882
2461
2743
2867
2685
2389
2859
2676
2741
2674
2705
2209
2954
2627
2529
2809
2582
2245
2859
2529
2543
2679
2609
2155
2850
2837
2426
2857
2798
2273
2826
2660
2666
2756
2704
2198
2864
2617
2482
2518
2791
2113
2864
2389
2633
2537
2598
2248
3035
2561
2536
2507
2696
2201
2710
2383
2769
2774
2650
2291
2806
2739
2579
2631
2562
2340
3009
2511
2714
2578
2719
2291
2993
2618
2533
2674
2469
2274
2751
2609
2444
2790
2630
2438
2962
2611
2536
2731
2566
2216
2892
2613
2583
2604
2713
2183
2760
2465
2628
2660
2541
2371
2946
2457
2579
2626
2788
2296
3099
2453
2788
2908
2696
2259
2769
2579
2645
2630
2715
2219
3075
2636
2531
2805
2623
2464
2953
2763
2691
2685
2830
2240
2993
2526
2768
2760
2672
2244
2900
2559
2530
2645
2674
2265
2762
2463
2493
2795
2655
2353
2928
2538
2611
2585
2547
2193
2956
2560
2622
2598
2870
2343
2962
2341
2683
2466
2754
2303
2792
2414
2655
2671
2687
2213
2888
2549
2492
2659
2486
2344
2861
2446
2519
2562
2654
2223
2804
2363
2629
2665
2508
2157
2770
2550
2280
2581
2660
2112
2870
2450
2676
2737
2469
2265
2939
2423
2421
2561
2539
2234
2684
2437
2542
2574
2559
2287
2896
2510
2667
2544
2649
2224
2744
2551
2659
2664
2650
2270
2892
2617
2489
2716
2500
2262
2819
2766
2697
2817
2687
2345
2747
2590
2492
2867
2607
2439
2919
2554
2543
2568
2688
2150
2820
2411
2624
2823
2460
2175
2874
2672
2409
2548
2644
2093
2949
2608
2682
2703
2633
2107
2899
2476
2593
2486
2830
2259
2876
2602
2618
2734
2627
2338
2745
2496
2614
2754
2607
2314
2886
2482
2706
2694
2701
2287
2699
2417
2503
2536
2631
2167
2876
2710
2424
2513
2580
2180
2873
2488
2593
2518
2511
2176
2680
2559
2374
2650
2624
2159
2802
2374
2379
2516
2463
2306
2816
2417
2605
2548
2648
2158
2813
2384
2669
2526
2303
2155
2770
2377
2512
2548
2580
2144
2601
2539
2507
2545
2595
2267
2898
2410
2584
2617
2594
2216
2890
2563
2444
2589
2552
2225
2733
2510
2478
2668
2402
2253
2629
2508
2430
2522
2578
2160
2730
2462
2430
2565
2425
2131
2856
2447
2518
2490
2561
2146
2706
2466
2331
2598
2501
2171
2682
2414
2593
2501
2694
2062
2975
2455
2777
2673
2484
2249
2806
2414
2522
2503
2738
2227
3124
2430
2745
2708
2347
2219
2808
2552
2556
2675
2670
2189
2802
2266
2509
2602
2565
2215
2812
2437
2512
2537
2634
2088
2687
2350
2602
2482
2623
2363
2848
2453
2547
2583
2425
2183
2677
2417
2579
2462
2675
2266
2799
2422
2450
2305
2559
2193
2719
2319
2633
2669
2437
2175
2906
2367
2410
2619
2393
2277
2736
2569
2502
2616
2546
2122
2751
2536
2538
2528
2472
2272
2647
2482
2385
2720
2464
2280
2767
2409
2651
2641
2539
2222
2815
2313
2361
2578
2473
1993
2519
2534
2561
2518
2591
2167
2828
2529
2496
2435
2460
2163
2758
2445
2679
2600
2668
2144
2857
2594
2419
2682
2462
2204
2609
2537
2589
2617
2602
2182
2698
2344
2559
2635
2557
2140
2861
2539
2448
2519
2446
2096
2741
2533
2583
2600
2447
2170
2811
2283
2401
2479
2656
2217
2746
2517
2564
2629
2542
2062
2837
2430
2370
2440
2642
2220
2806
2286
2589
2656
2405
2291
2644
2308
2623
2607
2554
2135
2800
2463
2433
2294
2486
2213
2634
2546
2436
2379
2658
2028
2808
2465
2386
2646
2314
2218
2747
2438
2540
2588
2577
2255
2800
2504
2493
2721
2539
2362
2823
2525
2527
2452
2440
2307
2861
2464
2503
2704
2475
2065
2786
2338
2536
2654
2435
2259
2801
2582
2451
2683
2716
2243
2839
2603
2538
2506
2711
2388
2830
2587
2543
2679
2509
2274
2628
2546
2566
2742
2566
2180
2913
2577
2632
2627
2591
2263
2875
2377
2712
2757
2659
2050
2941
2613
2523
2633
2641
2194
2916
2495
2473
2708
2706
2059
2948
2460
2797
2735
2726
2281
2917
2543
2801
2618
2722
2358
3021
2553
2656
2706
2667
2345
2828
2473
2689
2527
2773
2230
2907
2438
2590
2881
2448
2238
2954
2632
2505
2553
2755
2297
2803
2376
2645
2598
2695
2181
2781
2765
2568
2594
2643
2195
2905
2514
2364
2655
2514
2277
2903
2456
2623
2701
2510
2282
2789
2522
2460
2651
2604
2262
2820
2592
2558
2675
2617
2215
2971
2471
2614
2644
2616
2137
2764
2456
2566
2715
2571
2203
2961
2575
2422
2666
2658
2379
2831
2559
2683
2763
2673
2213
2615
2654
2410
2681
2674
2225
2859
2465
2475
2395
2627
2167
2687
2555
2644
2639
2601
2112
2779
2431
2460
2475
2614
2204
2912
2458
2464
2638
2685
2109
2744
2422
2678
2656
2660
2255
2862
2427
2582
2640
2469
2267
3022
2346
2651
2615
2705
2210
3025
2382
2579
2533
2583
2194
2683
2538
2523
2576
2591
2175
2780
2565
2389
2645
2569
2117
2708
2453
2696
2421
2695
2242
2733
2485
2484
2590
2573
2342
2687
2423
2414
2444
2483
2257
2694
2461
2699
2674
2435
2126
2789
2526
2442
2436
2465
2134
2928
2510
2386
2567
2455
2093
2804
2406
2589
2532
2556
2203
2840
2506
2510
2686
2560
2339
2817
2662
2558
2720
2558
2260
2694
2423
2755
2500
2483
2241
2748
2301
2406
2576
2473
2136
2846
2447
2532
2482
2554
2226
2672
2562
2688
2906
2857
2445
2823
2620
2973
2994
2794
2448
3095
2665
2954
2685
2798
2557
3135
2700
2742
2777
2893
2422
3183
2722
2778
2769
2692
2356
2990
2786
2801
2788
2784
2429
3096
2843
2813
2995
2916
2620
3140
2660
2832
2864
2719
2532
3108
2733
2708
2872
2779
2440
3047
2716
2886
2736
2840
2379
3158
2862
2740
3069
2799
2368
3053
2875
2783
2888
2885
2556
3203
2668
2765
2920
2818
2544
2906
2692
2737
2857
2814
2481
3042
2689
2833
2835
2732
2423
3147
2824
2882
2938
2797
2327
3109
2830
2872
2912
2900
2397
3119
2647
2800
2973
2762
2439
3222
2780
2861
2842
3106
2619
3184
2634
3085
2970
2888
2570
3135
2664
2903
3094
2777
2428
3151
2772
2964
2808
2985
2421
3242
2894
2886
2842
2982
2417
3112
2804
2675
2823
2942
2464
3117
2704
2642
3102
2780
2596
2923
2709
2776
2875
2918
2499
2950
2641
2719
2700
2762
2326
3095
2742
2662
2663
2704
2365
3225
2679
2645
2703
2724
2288
3021
2731
2643
2959
2829
2300
2977
2663
2696
2858
2844
2461
3161
2709
2877
2733
2911
2472
3050
2638
2753
2818
2672
2435
2992
2618
2708
2777
2669
2198
2792
2637
2724
2828
2852
2353
2933
2705
2457
2625
2768
2312
2952
2649
2753
2864
2784
2221
2995
2492
2645
2710
2710
2454
2929
2349
2661
2660
2738
2381
3142
2585
2790
2628
2701
2308
3147
2674
2697
2715
2740
2344
3043
2677
2739
2897
2763
2320
2923
2512
2757
2882
2902
2438
3145
2655
2860
2925
2808
2515
3016
2764
2653
2850
2814
2481
2972
2684
2682
2941
2651
2375
3070
2728
2785
2882
2905
2116
3102
2577
2618
2614
2881
2359
3092
2578
2677
2721
2662
2381
2931
2564
2649
2794
2817
2459
2908
2700
2750
2779
2742
2322
2911
2754
2832
2636
2804
2320
3009
2654
2711
2623
2793
2458
3020
2698
2575
2830
2689
2288
2785
2585
2601
2830
2674
2371
2884
2474
2396
2731
2678
2351
3095
2639
2753
2723
2678
2327
2758
2541
2517
2577
2603
2316
3001
2593
2629
2870
2650
2305
2927
2512
2609
2722
2834
2275
2916
2559
2721
2686
2572
2251
2896
2628
2720
2674
2693
2284
2919
2573
2750
2807
2720
2248
3011
2771
2811
2686
2756
2290
2871
2683
2577
2786
2689
2458
2909
2649
2529
2805
2657
2328
2992
2627
2665
2683
2694
2227
2718
2380
2490
2627
2598
2316
2895
2310
2564
2540
2691
2280
2808
2518
2568
2489
2705
2246
3042
2537
2427
2531
2583
2138
2831
2588
2533
2626
2653
2136
2662
2433
2526
2481
2620
2325
2887
2435
2692
2520
2509
2161
2753
2448
2434
2661
2371
2154
2757
2370
2365
2478
2430
2048
2601
2365
2473
2569
2480
2232
2645
2480
2503
2575
2589
2388
2981
2392
2561
2478
2495
2283
2864
2251
2542
2510
2524
2279
2830
2291
2497
2664
2356
2203
2760
2521
2691
2609
2697
2162
2892
2506
2570
2474
2644
2181
2745
2483
2548
2733
2531
2216
2606
2654
2402
2727
2569
2250
2766
2472
2591
2626
2551
2217
2851
2558
2532
2694
2509
2162
2800
2313
2458
2715
2493
2291
2907
2462
2550
2652
2652
2143
2905
2416
2540
2548
2752
2188
2969
2543
2596
2541
2648
2192
2742
2631
2621
2681
2630
2292
2733
2578
2746
2718
2564
2367
2934
2583
2516
2654
2545
2353
2832
2645
2555
2585
2699
2247
2871
2556
2589
2757
2526
2094
2853
2563
2492
2984
2554
2157
2848
2523
2583
2565
2721
2305
2996
2565
2607
2660
2598
2355
2828
2491
2366
2704
2658
2304
2808
2604
2522
2840
2633
2239
2781
2644
2714
2585
2754
2320
2790
2637
2504
2428
2616
2092
2674
2696
2527
2563
2562
2150
2843
2591
2568
2645
2657
2250
2971
2604
2457
2967
2531
2194
2916
2538
2610
2669
2570
2301
2847
2553
2662
2710
2811
2204
3072
2573
2628
2691
2758
2271
3025
2433
2609
2693
2671
2071
2830
2503
2736
2666
2725
2354
3069
2821
2577
2744
2798
2352
2789
2595
2768
2734
2722
2175
2908
2491
2572
2642
2599
2327
2965
2517
2558
2739
2533
2337
2936
2795
2560
2740
2574
2101
2698
2688
2522
2588
2749
2196
2946
2522
2523
2622
2764
2301
3120
2337
2752
2721
2715
2361
2896
2449
2846
2791
2721
2316
2934
2467
2513
2698
2838
2253
3179
2556
2737
2642
2652
2283
2924
2616
2650
2580
2691
2206
2831
2547
2599
2600
2645
2262
2944
2655
2545
2598
2785
2199
2728
2525
2504
2762
2499
2343
2738
2577
2655
2639
2564
2216
2966
2486
2625
2671
2571
2373
2863
2493
2642
2472
2691
2287
2938
2378
2628
2641
2651
2301
2976
2526
2621
2731
2548
2317
2909
2529
2695
2786
2613
2270
2782
2561
2734
2652
2635
2215
2755
2544
2643
2670
2747
2257
2946
2521
2514
2656
2467
2209
2598
2537
2596
2639
2663
2187
2853
2461
2795
2679
2639
2204
2920
2491
2641
2507
2701
2242
2833
2393
2639
2691
2526
2294
2972
2718
2731
2622
2710
2305
2868
2716
2682
2796
2656
2333
2907
2541
2573
2641
2467
2346
2797
2693
2572
2614
2626
2460
2787
2488
2558
2607
2463
2236
2764
2455
2483
2530
2416
2079
2713
2435
2396
2603
2537
2238
3035
2688
2648
2520
2621
2244
2654
2403
2661
2649
2528
2111
2712
2328
2502
2377
2528
2338
2963
2335
2531
2574
2578
2225
2725
2452
2507
2534
2435
2207
2687
2460
2530
2533
2399
2198
2559
2532
2609
2496
2732
2253
2818
2533
2599
2549
2461
2347
2716
2279
2485
2611
2205
2226
2714
2362
2356
2441
2468
2274
2869
2278
2666
2485
2474
2094
2748
2610
2631
2598
2517
2102
2804
2238
2564
2508
2503
2392
2863
2335
2658
2670
2563
2318
2728
2421
2604
2563
2552
2243
2765
2506
2602
2620
2508
2083
2771
2403
2556
2627
2560
2077
3007
2442
2556
2573
2481
2122
2789
2579
2427
2537
2531
2162
2733
2375
2361
2509
2577
2224
2699
2447
2485
2638
2491
2251
2642
2432
2619
2609
2432
2199
2723
2278
2685
2354
2528
2062
2982
2408
2407
2536
2476
2217
2743
2446
2411
2483
2583
2169
2688
2316
2630
2707
2537
2219
2754
2375
2451
2551
2517
2123
2863
2298
2517
2463
2442
2105
2645
2266
2437
2417
2436
2111
2521
2347
2437
2645
2473
2142
2837
2346
2328
2596
2502
2192
2887
2345
2528
2393
2657
2224
2589
2417
2452
2623
2603
2240
2792
2459
2416
2583
2543
2342
2886
2493
2662
2748
2476
2145
2765
2708
2453
2740
2533
2209
2687
2628
2235
2750
2533
2168
2691
2439
2478
2780
2719
2109
2913
2631
2540
2515
2701
2219
2758
2448
2573
2664
2591
1989
2690
2355
2553
2530
2528
2185
2861
2517
2494
2519
2677
2122
2936
2562
2537
2727
2504
2206
2941
2458
2729
2773
2770
2255
2977
2442
2726
2794
2610
2333
2986
2540
2560
2685
2648
2235
2790
2485
2863
2657
2817
2322
2961
2703
2689
2518
2734
2308
2810
2586
2761
2660
2740
2318
3006
2575
2663
2517
2727
2383
2923
2572
2713
2923
2604
2294
2920
2768
2598
2761
2699
2378
2981
2527
2751
2808
2636
2376
2989
2492
2651
2694
2729
2328
2988
2579
2489
2863
2588
2274
3080
2684
2703
2771
2682
2295
2811
2614
2765
2630
2789
2303
2937
2629
2739
2841
2570
2422
3057
2810
2639
2785
2780
2486
2777
2584
2871
2754
2718
2322
2962
2851
2745
2884
2744
2311
2979
2820
2604
2902
2683
2365
3019
2733
2903
2782
2798
2269
3102
2649
2668
2810
2790
2432
2973
2574
2690
2841
2885
2412
3116
2723
2879
2754
2805
2224
3098
2731
2793
2821
2872
2426
3055
2588
2728
2744
2748
2286
3040
2636
2899
2664
2790
2459
2989
2754
2596
2766
2899
2466
3164
2710
2788
2935
2582
2244
2811
2557
2735
2719
2738
2367
3007
2687
2637
2807
2717
2479
3184
2835
2855
2690
2745
2388
3148
2613
2712
2900
2740
2492
3037
2664
2713
2913
2718
2537
3249
2612
2951
2961
2914
2435
3068
2674
3019
3002
2860
2493
3156
2789
2843
2920
2880
2486
2940
2702
2705
2918
2801
2355
3103
2935
2805
2928
2907
2383
3126
2851
2686
2836
2794
2533
3058
2704
2749
2818
3015
2432
2995
2610
2860
2957
2837
2413
3147
2647
2765
2764
2817
2418
3207
2744
2813
2781
2887
2391
3124
2812
2795
2857
2900
2455
3082
2740
2876
2867
2970
2426
3253
2815
2817
3059
2807
2483
3147
2576
2774
2788
2852
2528
3254
2703
2684
3005
2653
2305
2920
2894
2889
2760
2969
2441
3149
2501
2795
2833
2737
2324
3002
2757
2899
2860
2963
2328
3025
2752
2690
2774
2766
2575
3046
2564
2857
2944
2780
2471
3071
2855
2788
2888
2916
2444
2978
2834
2764
2781
2816
2445
3018
2787
2941
2839
2775
2362
3111
2628
2589
2851
2805
2370
3100
2711
2709
2877
2728
2434
3079
2604
2675
2807
2800
2372
2892
2771
2778
2901
2840
2481
3185
2722
2873
2777
2860
2270
3169
2639
2769
2701
2929
2347
2998
2755
2629
2849
2740
2355
2904
2611
2859
2838
2806
2298
3137
2643
2733
2761
2831
2480
3070
2784
2637
2784
2673
2247
3003
2580
2764
2693
2740
2397
3054
2525
2669
2757
2758
2451
2865
2730
2703
2812
2605
2394
2963
2499
2672
2608
2761
2406
2980
2459
2679
2780
2715
2341
2815
2551
2832
2763
2792
2320
3249
2574
2643
2661
2826
2509
2944
2659
2783
2851
2750
2358
2803
2518
2626
2761
2582
2411
3021
2555
2702
2616
2787
2365
2848
2664
2617
2766
2678
2134
3064
2703
2755
2657
2555
2479
2948
2752
2497
2980
2762
2394
2899
2697
2856
2765
2788
2368
3204
2681
2675
2713
2821
2524
3050
2639
2758
2954
2641
2438
3120
2633
2834
2805
2653
2379
2896
2786
2722
2832
2831
2336
3100
2853
2638
2778
2760
2413
3113
2627
2801
2857
2731
2323
2753
2800
2722
3042
2867
2362
3039
2574
2720
2857
2738
2362
3008
2638
2855
2673
2819
2380
3130
2602
2826
2721
2763
2342
3075
2679
2731
2925
2728
2318
2910
2636
2805
2797
2977
2421
3207
2629
2865
2876
2741
2476
3003
2821
2646
2848
2772
2586
2923
2603
2728
2823
2702
2465
3139
2831
2781
2746
2724
2363
2988
2646
2565
2791
2873
2380
3024
2689
2632
2722
2654
2246
3031
2724
2658
2902
2941
2346
3013
2647
2651
2827
2692
2300
3016
2710
2697
2840
2750
2273
2917
2723
2642
2706
2710
2542
3030
2730
2606
2732
2717
2249
3031
2578
2680
2877
2771
2174
2950
2591
2600
2785
2735
2442
3020
2664
2603
2687
2782
2231
2853
2718
2935
2859
2782
2401
2953
2626
2668
2764
2739
2415
3042
2565
2703
2685
2920
2246
2972
2577
2849
2841
2725
2297
2976
2552
2565
2801
2722
2308
3090
2695
2761
2632
2917
2299
3161
2496
2903
2921
2708
2480
2981
2732
2739
2798
2868
2425
3221
2640
2787
2921
2795
2336
3217
2591
2718
2788
2733
2367
2998
2796
2569
2896
2853
2316
3052
2945
2792
2876
2832
2539
3087
2666
2823
2651
2934
2423
3060
2942
2656
2871
2810
2339
2913
2800
2666
2996
2657
2582
2988
2512
2833
2794
2816
2301
3120
2832
2728
2924
2758
2351
3094
2694
2700
2681
2772
2286
3079
2640
2805
2876
2850
2260
2978
2713
2721
2921
2791
2454
3006
2628
2913
2828
2978
2456
3014
2607
2872
2664
2825
2505
3070
2700
2728
2808
2643
2309
2896
2472
2854
2780
2854
2321
3121
2770
2733
2809
2761
2478
3038
2724
2780
2844
2890
2541
3018
2649
2602
2861
2688
2360
3047
2862
2728
2857
2804
2417
3033
2713
2781
2815
2811
2410
3085
2744
2804
2811
2712
2240
3203
2684
2845
2956
2769
2372
2983
2680
2581
2638
2804
2388
3030
2576
2786
2885
2696
2409
2951
2739
2812
2736
2855
2464
3041
2897
2799
2840
2698
2414
2984
2709
2702
2602
2692
2277
2756
2584
2558
2758
2755
2392
3023
2677
2665
2733
2718
2394
3021
2586
2623
2729
2768
2375
2731
2404
2766
2700
2712
2304
3040
2753
2760
2598
2560
2377
3036
2591
2721
2669
2657
2392
3123
2538
2804
2835
2593
2338
2982
2603
2676
2971
2700
2505
3152
2623
2707
2936
2780
2507
3077
2719
3035
2752
2763
2313
2940
2677
2822
2855
2879
2436
3168
2707
2837
2857
2790
2538
3080
2687
2836
3003
2697
2411
3012
2861
2687
2811
2887
2423
3203
2832
2884
2805
2887
2445
2954
2637
2830
2923
2734
2414
3121
2810
2836
2863
2814
2388
3131
2757
2743
2814
2821
2425
2979
2801
2677
2930
2662
2446
2883
2714
2737
2849
2965
2422
3185
2461
2869
2918
2804
2369
3141
2624
2821
2705
2740
2299
2900
2755
2595
2709
2742
2454
2977
2673
2796
2657
2800
2202
3126
2707
2790
2871
2800
2369
2965
2577
2596
2664
2653
2498
2996
2530
2923
2894
2754
2226
2921
2760
2737
2829
2796
2524
3137
2754
2655
2820
2648
2268
3047
2562
2810
2811
2819
2289
3028
2695
2667
2662
2855
2415
3009
2732
2710
3009
2679
2347
3005
2643
2622
2685
2786
2479
3075
2526
2801
2766
2735
2370
2933
2646
2721
2915
2571
2391
2838
2663
2616
2557
2980
2307
3057
2740
2858
2909
2867
2158
2993
2771
2647
2764
2797
2325
3016
2420
2735
2776
2647
2455
3060
2728
2917
2780
2888
2289
3114
2650
2662
2819
2796
2377
3015
2566
2642
2797
2682
2340
2975
2570
2896
2831
2795
2432
3222
2667
2650
2656
2833
2518
2977
2810
2755
2807
2743
2421
2900
2431
2556
2540
2315
2048
2656
2198
2645
2568
2443
2065
2732
2506
2483
2440
2503
2089
2775
2555
2408
2640
2519
2227
2775
2277
2482
2422
2399
2325
2646
2489
2539
2829
2420
2126
2592
2525
2539
2427
2516
2297
2656
2317
2532
2464
2546
2047
2724
2485
2300
2502
2337
2112
2867
2443
2443
2505
2593
2132
2660
2456
2475
2603
2660
2173
2759
2631
2521
2590
2665
2260
2828
2409
2647
2642
2513
2263
2936
2483
2679
2703
2434
2126
2848
2640
2455
2636
2566
2108
2779
2533
2545
2678
2525
2295
2868
2578
2722
2703
2617
2239
2850
2589
2681
2776
2590
2314
2993
2584
2654
2609
2628
2350
2897
2553
2767
2816
2570
2451
2835
2908
2678
2713
2768
2401
2911
2475
2858
2756
2623
2152
3031
2681
2613
2751
2764
2312
2943
2592
2569
2819
2609
2446
3022
2651
2669
2777
2781
2186
2818
2729
2534
2857
2784
2432
2940
2808
2696
2754
2696
2223
3114
2610
2674
2785
2705
2299
2906
2519
2590
2695
2773
2265
2928
2694
2704
2761
2744
2246
3180
2592
2682
2773
2796
2289
2961
2677
2846
2827
2740
2245
2961
2652
2679
2697
2693
2437
3081
2776
2781
2584
2908
2409
2980
2535
2783
2813
2568
2237
2838
2477
2604
2689
2598
2268
3001
2453
2471
2686
2737
2322
2963
2486
2816
2587
2787
2049
2855
2474
2525
2605
2765
2268
2904
2415
2501
2736
2724
2512
2916
2507
2725
2598
2589
2378
2894
2521
2550
2598
2600
2111
2840
2488
2473
2447
2701
2174
2987
2474
2692
2825
2590
2130
2765
2708
2613
2783
2679
2394
2992
2516
2688
2785
2567
2262
2842
2613
2749
2630
2821
2354
2955
2588
2631
2661
2587
2325
2973
2383
2828
2708
2615
2101
3056
2555
2768
2723
2679
2381
2985
2638
2596
2597
2875
2282
2895
2651
2746
2760
2721
2304
2720
2424
2672
2753
2699
2489
3067
2625
2650
2767
2544
2443
2860
2584
2666
2689
2718
2226
2919
2678
2547
2673
2598
2255
2966
2551
2477
2757
2737
2232
3068
2554
2697
2790
2617
2336
2702
2687
2864
2791
2835
2346
2778
2570
2612
2720
2622
2493
3057
2582
2774
2665
2692
2364
2939
2668
2786
2755
2555
2271
2935
2642
2686
2723
2649
2306
2896
2482
2625
2719
2793
2413
2905
2651
2769
2573
2769
2332
3008
2616
2622
2715
2587
2310
2826
2632
2632
2673
2579
2370
2878
2634
2632
2687
2611
2428
2945
2675
2513
2635
2724
2401
2858
2666
2422
2738
2637
2362
2863
2445
2664
2780
2500
2248
2839
2649
2550
2740
2711
2259
2793
2716
2639
2815
2513
2288
2860
2719
2597
2586
2532
2287
3038
2472
2621
2777
2663
2259
3039
2613
2747
2799
2653
2126
2926
2407
2741
2742
2710
2421
3013
2515
2851
2670
2821
2379
2971
2698
3022
2690
2764
2321
2921
2532
2828
2648
2771
2346
3094
2634
2539
2845
2772
2503
3120
2611
2665
2884
2709
2351
2977
2631
2632
2766
2756
2352
2926
2610
2344
2773
2638
2417
2976
2507
2588
2501
2666
2326
3029
2578
2629
2665
2608
2191
2733
2684
2422
2765
2651
2216
2899
2542
2716
2763
2700
2294
3138
2508
2698
2768
2686
2353
3000
2632
2653
2873
2628
2360
2918
2473
2756
2660
2789
2233
3013
2694
2776
2807
2857
2277
2930
2611
2690
2855
2682
2222
2884
2533
2708
2693
2719
2311
2921
2438
2593
2659
2850
2302
2979
2648
2696
2786
2778
2352
2875
2682
2684
2846
2780
2380
2966
2653
2619
2738
2789
2392
3062
2668
2676
2684
2694
2244
2888
2630
2656
2774
2740
2198
2865
2664
2449
3009
2675
2322
3078
2595
2645
2892
2697
2203
3095
2793
2724
2847
2772
2263
2898
2634
2558
2659
2835
2380
3024
2604
2706
2580
2958
2184
3030
2574
2787
2784
2693
2210
2897
2765
2738
2761
2790
2243
2960
2596
2749
2715
2832
2304
3086
2840
2677
2779
2881
2346
2944
2715
2631
2829
2761
2550
2955
2688
2585
2806
2690
2402
2937
2661
2614
2705
2626
2369
3006
2689
2481
2615
2608
2353
2869
2732
2670
2804
2698
2342
3004
2454
2714
2839
2724
2467
3027
2646
2595
2899
2768
2375
2961
2866
2805
2942
2856
2432
3033
2666
2806
2702
2841
2433
3141
2596
2896
2828
2808
2264
3062
2786
2820
2835
2731
2298
3135
2738
2763
2909
2888
2482
3190
2714
2748
2933
2906
2332
3072
2827
2958
2890
2918
2537
3131
2807
2920
2905
2964
2547
3215
2841
2869
2848
2882
2492
3062
2681
2740
2769
2687
2499
3168
2921
2699
2823
2914
2559
3065
2897
2777
3033
2798
2438
2984
2619
2960
2904
2805
2394
3107
2743
2690
2967
2668
2546
3146
2766
2685
2810
2702
2391
3126
2682
2916
2840
2695
2319
3164
2662
2779
2869
2921
2402
3197
2719
2920
2930
2924
2476
3072
2696
3068
2890
2984
2419
3127
2786
2792
2892
2876
2506
3056
2816
2939
2924
2836
2425
2948
2867
2780
2875
2853
2580
3108
2752
2681
2813
2706
2471
3180
2824
2761
2869
2815
2425
3139
2790
2556
2841
2783
2558
3044
2678
2755
2853
2796
2329
3116
2673
2994
2883
2712
2389
3135
2872
2794
2959
2878
2467
2980
2667
2909
2992
2850
2333
3193
2566
2850
2845
2892
2420
3229
2798
2788
3021
2797
2530
3065
2807
2803
2834
2842
2385
2895
2715
2922
2670
2954
2234
3073
2759
2820
2936
2816
2405
3023
2634
2707
2786
2689
2398
3007
2706
2781
2864
2883
2431
2917
2810
2795
2764
2900
2476
3132
2763
2735
2777
2844
2406
3166
2829
2889
2773
2910
2409
3273
2763
2935
2878
2716
2436
3054
2780
2767
3019
2726
2481
3086
2799
2764
3010
2711
2531
3274
2637
2850
2874
2800
2404
3151
2771
2767
2975
2836
2317
3059
2950
2904
3015
2854
2449
3293
2783
2924
2764
3113
2493
3118
2945
2936
2877
2953
2444
3024
2763
2914
2960
2773
2628
3202
2732
3068
2836
2984
2425
3159
2878
2969
3144
2984
2390
3275
2950
2882
2926
2716
2672
3197
2831
2735
3060
2963
2638
3252
2868
2998
3004
2927
2632
3273
2718
2965
3059
3000
2646
3292
2832
3069
3067
3000
2570
3322
2831
3085
3025
3027
2461
3318
2671
3187
3057
3036
2457
3478
3190
2855
3087
3046
2709
3220
2906
3056
3072
3111
2801
3180
3006
3105
3144
2983
2533
3249
3106
3020
3151
2999
2683
3416
3024
2941
2955
2879
2596
3294
2791
2891
3048
2966
2431
3235
3119
2884
3240
3080
2614
3289
2998
2954
3037
3206
2627
3508
2758
3153
2938
3043
2603
3251
2893
2859
3027
2955
2740
3167
2938
3199
3075
2983
2661
3346
3075
2942
2894
3069
2404
3172
2974
2996
3175
2991
2463
3373
2924
2949
3047
2912
2601
3295
2843
3091
3288
3096
2675
3206
2590
2610
2547
2634
2183
2903
2517
2573
2629
2629
2274
2928
2583
2650
2710
2768
2323
2842
2489
2665
2736
2597
2455
2847
2473
2494
2773
2561
2319
2717
2435
2515
2603
2573
2157
2990
2340
2479
2487
2467
2187
2733
2526
2355
2585
2565
2160
2882
2619
2505
2675
2587
2237
2835
2718
2585
2572
2691
2261
2893
2450
2726
2746
2583
2318
2899
2320
2588
2620
2531
2224
2915
2399
2551
2754
2553
2174
2945
2681
2518
2593
2731
2196
2713
2595
2492
2626
2673
2173
2666
2360
2572
2503
2710
2211
2955
2486
2346
2545
2517
2325
2608
2381
2396
2491
2463
2103
2575
2189
2447
2320
2429
1951
2745
2315
2337
2312
2454
2048
2820
2402
2434
2446
2448
2135
2691
2172
2500
2380
2495
2187
2607
2297
2293
2597
2499
2228
2693
2464
2582
2620
2394
2185
2783
2405
2488
2599
2452
2126
2714
2331
2496
2604
2436
2046
2781
2327
2397
2507
2482
2141
2722
2398
2315
2519
2594
2100
2655
2423
2542
2653
2417
2035
2737
2328
2492
2519
2525
2189
2659
2502
2636
2608
2529
2135
2883
2658
2672
2545
2651
2190
2839
2581
2448
2603
2613
2228
2674
2455
2409
2710
2539
2111
2779
2418
2523
2553
2566
2122
2716
2496
2465
2535
2687
2067
2655
2437
2361
2687
2331
2212
2677
2490
2275
2436
2519
2293
2785
2491
2486
2553
2551
2117
2760
2324
2350
2348
2454
2038
2669
2259
2439
2337
2617
1974
2701
2399
2551
2528
2461
1986
2690
2367
2606
2560
2418
2170
2803
2563
2373
2612
2454
2407
2730
2680
2514
2536
2543
2317
2606
2306
2490
2553
2571
2128
2671
2385
2460
2671
2333
2056
2925
2503
2422
2497
2506
2173
2763
2432
2415
2474
2493
2240
2564
2605
2434
2588
2559
2238
2796
2461
2544
2598
2593
2387
2804
2461
2620
2700
2631
2137
2766
2474
2622
2749
2357
2049
2839
2569
2493
2463
2600
2182
2965
2576
2527
2583
2621
2041
2845
2739
2580
2628
2632
2140
2640
2411
2611
2751
2699
2418
2966
2404
2676
2706
2629
2241
2912
2425
2574
2596
2488
2195
2855
2443
2516
2484
2471
2153
2823
2431
2572
2554
2621
2229
2833
2475
2626
2549
2726
2200
3047
2623
2567
2438
2729
2177
2802
2388
2581
2557
2541
2304
2651
2397
2542
2686
2289
2309
2796
2537
2618
2730
2496
2274
2919
2556
2460
2594
2527
2226
2795
2341
2524
2605
2535
2169
2767
2382
2388
2668
2626
2150
2724
2333
2681
2734
2644
2286
2901
2577
2636
2516
2532
2249
2834
2512
2424
2438
2504
2243
2786
2532
2669
2587
2549
2108
2716
2569
2556
2621
2715
2285
2885
2458
2539
2748
2522
2237
2564
2292
2681
2611
2579
2061
2609
2612
2394
2566
2543
2136
2854
2702
2518
2508
2606
2054
3079
2393
2652
2609
2579
2225
2837
2420
2429
2709
2609
2326
2815
2401
2521
2784
2553
2324
2874
2213
2604
2367
2588
2083
2769
2547
2610
2595
2444
2029
2624
2525
2620
2450
2539
2191
2714
2635
2607
2671
2689
2116
2764
2731
2544
2668
2592
2270
2912
2436
2306
2478
2479
2362
2703
2353
2636
2715
2484
2239
2782
2478
2626
2546
2524
2185
2878
2433
2548
2451
2613
2040
2858
2501
2480
2587
2513
2189
2693
2514
2558
2768
2570
2423
2863
2485
2472
2658
2632
2417
2941
2555
2653
2583
2627
2314
2871
2511
2544
2394
2474
2225
2841
2747
2534
2586
2537
1921
2715
2520
2711
2841
2532
2202
2892
2518
2466
2683
2712
2391
2688
2467
2567
2783
2599
2411
2859
2501
2735
2710
2579
2368
2921
2546
2662
2739
2678
2203
3170
2619
2757
2558
2695
2107
3087
2400
2740
2612
2613
2404
2830
2533
2598
2829
2633
2386
2915
2608
2664
2818
2840
2342
2906
2447
2947
2775
2724
2258
2897
2732
2687
2793
2671
2246
3003
2772
2632
2649
2629
2512
2838
2691
2620
2605
2898
2273
2998
2646
2509
2858
2601
2395
2879
2479
2539
2787
2738
2334
3034
2403
2855
2803
2547
2214
3096
2882
2670
2795
2689
2260
3002
2749
2479
2735
2660
2448
3089
2558
2749
2705
2752
2317
2990
2715
2586
2822
2788
2397
2851
2686
2669
2719
2736
2206
2825
2592
2899
2605
2716
2250
2892
2676
2671
2856
2691
2455
2947
2697
2614
2856
2714
2299
3105
2634
2600
2908
2736
2308
2886
2474
2536
2748
2897
2330
3058
2437
2735
2753
2642
2224
2868
2492
2748
2469
2759
2332
3013
2590
2703
2547
2625
2255
2990
2768
2634
2734
2758
2140
2748
2715
2758
2893
2822
2415
2899
2558
2689
2857
2738
2383
3117
2442
2803
2843
2779
2487
3029
2445
2636
2665
2523
2277
2988
2750
2568
2612
2739
2167
2959
2722
2484
2699
2748
2145
2901
2636
2743
2760
2893
2238
2944
2567
2658
2722
2684
2381
3006
2527
2483
2708
2633
2407
2776
2533
2734
2583
2549
2205
2835
2699
2656
2580
2647
2173
2925
2630
2632
2585
2724
2136
2904
2396
2529
2535
2659
2116
2804
2547
2448
2720
2565
2454
2758
2431
2490
2694
2572
2357
2737
2396
2745
2642
2545
2250
2962
2350
2614
2476
2578
2324
3024
2365
2593
2406
2735
2181
2866
2296
2595
2558
2620
2053
2731
2435
2559
2596
2667
2198
2941
2557
2859
2724
2534
2420
2771
2542
2725
2674
2437
2388
2691
2556
2566
2584
2604
2276
2992
2510
2425
2634
2578
2257
2879
2454
2481
2792
2499
2329
2668
2398
2515
2689
2577
2375
2841
2552
2696
2526
2633
2315
2890
2508
2760
2476
2754
2264
2869
2456
2540
2649
2442
2193
2858
2514
2483
2838
2506
2263
2812
2674
2581
2697
2627
2203
2676
2703
2594
2466
2612
2124
2658
2360
2567
2432
2554
2115
2833
2325
2523
2590
2475
2369
2742
2481
2511
2766
2397
2171
2752
2443
2582
2523
2677
2168
2775
2396
2462
2439
2606
2278
2772
2364
2471
2485
2390
2242
2841
2370
2608
2513
2490
2265
2871
2480
2439
2524
2458
2203
2638
2604
2406
2533
2473
2289
2672
2560
2541
2619
2503
2239
2854
2396
2758
2807
2460
2181
2894
2315
2488
2707
2465
2197
2808
2479
2417
2627
2509
2322
2812
2590
2532
2743
2631
2137
2800
2535
2494
2581
2597
2157
2826
2375
2520
2547
2661
2254
2661
2441
2640
2579
2705
2249
2665
2611
2399
2588
2552
2244
2741
2525
2480
2474
2448
2075
2881
2456
2487
2490
2511
2221
2790
2453
2501
2496
2644
2187
2752
2416
2453
2845
2498
2171
2995
2508
2512
2682
2713
2199
2935
2455
2537
2739
2495
2078
2844
2373
2608
2723
2543
2237
2865
2404
2462
2555
2731
2352
2993
2565
2643
2587
2868
2140
2814
2493
2536
2591
2519
2101
2660
2425
2472
2644
2455
2190
2749
2601
2539
2651
2626
2159
2763
