2532
2423
2591
2634
2771
2956
2536
2465
2606
2555
2639
2943
2229
2365
2540
2545
2783
2910
2394
2508
2698
2556
2835
2721
2288
2464
2632
2674
2820
2780
2376
2170
2557
2729
2862
2816
2310
2438
2732
2735
2956
2770
2378
2520
2762
2613
2899
2753
2392
2397
2595
2532
2617
2823
2463
2197
2525
2611
2734
2854
2428
2422
2712
2606
2763
2713
2371
2396
2500
2618
2546
2767
2327
2325
2647
2682
2708
2834
2254
2280
2469
2623
2721
2779
2285
2327
2587
2785
2851
2916
2283
2534
2718
2789
2726
2840
2540
2561
2829
2699
2905
2965
2447
2449
2710
2449
2719
3030
2376
2372
2611
2621
2893
2826
2425
2518
2719
2516
2543
2694
2336
2339
2746
2730
2628
2781
2367
2270
2534
2743
2771
2905
2429
2195
2568
2564
2688
2827
2201
2262
2795
2584
2693
2850
2356
2202
2529
2506
2752
2772
2590
2310
2499
2595
2932
2920
2399
2428
2685
2386
2547
2586
2243
2303
2416
2709
2575
2840
2442
2326
2502
2462
2496
2790
2341
2377
2659
2574
2657
2855
2265
2183
2577
2550
2520
2721
2313
2232
2296
2582
2601
2798
2388
2183
2491
2386
2493
2737
2233
2195
2468
2315
2653
2547
2220
2263
2493
2528
2711
2660
2369
2571
2521
2562
2331
2429
2304
2272
2652
2400
2598
2775
2304
2327
2506
2672
2665
2793
2349
2396
2567
2536
2467
2612
2424
2236
2421
2399
2570
2747
2432
2160
2512
2504
2784
2856
2409
2260
2483
2418
2574
2674
2332
2264
2585
2367
2380
2613
2274
2207
2493
2403
2695
2648
2297
2279
2606
2406
2576
2636
2084
2422
2698
2443
2612
2601
2154
2286
2413
2354
2614
2474
0
0
0
0
0
0
0
0
0
0
0
0
0
0
0
0
0
0
0
0
0
0
0
0
0
0
0
0
0
0
0
0
0
0
0
0
0
0
0
0
0
0
0
0
0
0
0
0
0
0
0
0
0
0
0
0
0
0
0
0
0
0
0
0
0
0
0
0
0
0
0
0
0
0
0
0
0
0
0
0
0
0
0
0
0
0
0
0
0
0
0
0
0
0
0
0
0
0
0
0
0
0
0
0
0
0
0
0
0
0
0
0
0
0
0
0
0
0
0
0
0
0
0
0
0
0
0
0
0
0
0
0
0
0
0
0
0
0
0
0
0
0
0
0
0
0
0
0
0
0
0
0
0
0
0
0
0
0
0
0
0
0
0
0
0
0
0
0
0
0
0
0
0
0
0
0
0
0
0
0
0
0
0
0
0
0
0
0
0
0
0
0
0
0
0
0
0
0
0
0
0
0
0
0
0
0
0
0
0
0
0
0
0
0
0
0
0
0
0
0
0
0
0
0
0
0
0
0
0
0
0
0
0
0
0
0
0
0
0
0
0
0
0
0
0
0
0
0
0
0
0
0
0
0
0
0
0
0
0
0
0
0
0
0
0
0
0
0
0
0
0
0
0
0
0
0
0
0
0
0
0
0
0
0
0
0
0
0
0
0
0
0
0
0
0
0
0
0
0
0
0
0
0
0
0
0
0
0
0
0
0
0
0
0
0
0
0
0
0
0
0
0
0
0
0
0
0
0
0
0
0
0
0
0
0
0
0
0
0
0
0
0
0
0
0
0
0
0
0
0
0
0
0
0
0
0
0
0
0
0
0
0
0
0
0
0
0
0
0
0
0
0
0
0
0
0
0
0
0
0
0
0
0
0
0
0
0
0
0
0
0
0
0
0
0
0
0
0
0
0
0
0
0
0
0
0
0
0
0
0
0
0
0
0
0
0
0
0
0
0
0
0
0
0
0
0
0
0
0
0
0
0
0
0
0
0
0
0
0
0
0
0
0
0
0
0
0
0
0
0
0
0
0
0
0
0
0
0
0
0
0
0
0
0
0
0
0
0
0
0
0
0
0
0
0
0
0
0
0
0
0
0
0
0
0
0
0
0
0
0
0
0
0
0
0
0
0
0
0
0
0
0
0
0
0
0
0
0
0
0
0
0
0
0
0
0
0
0
0
0
0
0
0
0
0
0
0
0
0
0
0
0
0
0
0
0
0
0
0
0
0
0
0
0
0
0
0
0
0
0
0
0
0
0
0
0
0
0
0
0
0
0
0
0
0
0
0
0
0
0
0
0
0
0
0
0
0
0
0
0
0
0
0
0
0
0
0
0
0
0
0
0
0
0
0
0
0
0
0
0
0
0
0
0
0
0
0
0
0
0
0
0
0
0
0
0
0
0
0
0
0
0
0
0
0
0
0
0
0
0
0
0
0
0
0
0
0
0
0
0
0
0
0
0
0
0
0
0
0
0
0
0
0
0
0
0
0
0
0
0
0
0
0
0
0
0
0
0
0
0
0
0
0
0
0
0
0
0
0
0
0
0
0
0
0
0
0
0
0
0
0
0
0
0
0
0
0
0
0
0
0
0
0
0
0
0
0
0
0
0
0
0
0
0
0
0
0
0
0
0
0
0
0
0
0
0
0
0
0
0
0
0
0
0
0
0
0
0
0
0
0
0
0
0
0
0
0
0
0
0
0
0
0
0
0
0
0
0
0
0
0
0
0
0
0
0
0
0
0
0
0
0
0
0
0
0
0
0
0
0
0
0
0
0
0
0
0
0
0
0
0
0
0
0
0
0
0
0
0
0
0
0
0
0
0
0
0
0
0
0
0
0
0
0
0
0
0
0
0
0
0
0
0
0
0
0
0
0
0
0
0
0
0
0
0
0
0
0
0
0
0
0
0
0
0
0
2553
2490
2675
2628
2841
2906
2439
2317
2540
2625
2831
2714
2464
2363
2606
2603
2845
2844
2381
2415
2637
2782
2618
2825
2464
2356
2780
2635
2885
2892
2388
2379
2635
2579
2816
2869
2473
2463
2827
2746
2836
3026
2343
2370
2649
2706
2859
2832
2465
2667
2652
2736
2893
2992
2434
2616
2662
2727
2832
3012
2438
2523
2856
2741
2858
3048
2457
2491
2776
2773
2831
2905
2647
2470
2949
2677
2830
2948
2468
2481
2831
2658
2926
2846
2571
2611
2764
2892
2913
3120
2445
2507
2678
2787
2890
2938
2553
2485
2820
2549
2946
2959
2609
2369
2635
2726
2872
2979
2648
2529
2890
2751
2776
2969
2613
2588
2835
2643
2874
2942
2520
2432
2865
2733
2849
2928
2457
2589
2755
2751
2973
2905
2524
2432
2787
2800
2918
3046
2630
2737
2738
2638
2997
2969
2546
2576
2801
2724
2956
3038
2581
2642
2864
2804
2899
2825
2455
2555
2864
2737
2954
2909
2523
2656
2755
2845
2828
2980
2546
2574
2806
2748
2779
2935
2443
2437
2729
2836
2962
3088
2552
2536
2698
2700
2900
2968
2558
2584
2623
2744
2666
2935
2566
2586
2937
2709
2979
2987
2516
2562
2750
2679
2954
2866
2558
2498
2872
2746
2658
2878
2445
2537
2728
2823
2878
3003
2565
2513
2873
2831
3042
2887
2361
2591
2823
2768
2818
2980
2565
2447
2822
2560
2997
3062
2549
2297
2592
2658
2831
2886
2516
2462
2883
2713
2875
2899
2416
2524
2636
2527
2673
2882
2260
2393
2860
2842
2802
3015
2284
2532
2615
2635
2841
2926
2471
2299
2683
2735
2909
2880
2523
2615
2723
2744
2890
3008
2630
2394
2577
2735
2862
3030
0
0
0
0
0
0
0
0
0
0
0
0
0
0
0
0
0
0
0
0
0
0
0
0
0
0
0
0
0
0
0
0
0
0
0
0
0
0
0
0
0
0
0
0
0
0
0
0
0
0
0
0
0
0
0
0
0
0
0
0
0
0
0
0
0
0
0
0
0
0
0
0
0
0
0
0
0
0
0
0
0
0
0
0
0
0
0
0
0
0
0
0
0
0
0
0
0
0
0
0
0
0
0
0
0
0
0
0
0
0
0
0
0
0
0
0
0
0
0
0
0
0
0
0
0
0
0
0
0
0
0
0
0
0
0
0
0
0
0
0
0
0
0
0
0
0
0
0
0
0
0
0
0
0
0
0
0
0
0
0
0
0
0
0
0
0
0
0
0
0
0
0
0
0
0
0
0
0
0
0
0
0
0
0
0
0
0
0
0
0
0
0
0
0
0
0
0
0
0
0
0
0
0
0
0
0
0
0
0
0
0
0
0
0
0
0
0
0
0
0
0
0
0
0
0
0
0
0
0
0
0
0
0
0
0
0
0
0
0
0
0
0
0
0
0
0
0
0
0
0
0
0
0
0
0
0
0
0
0
0
0
0
0
0
0
0
0
0
0
0
0
0
0
0
0
0
0
0
0
0
0
0
0
0
0
0
0
0
0
0
0
0
0
0
0
0
0
0
0
0
0
0
0
0
0
0
0
0
0
0
0
0
0
0
0
0
0
0
0
0
0
0
0
0
0
0
0
0
0
0
0
0
0
0
0
0
0
0
0
0
0
0
0
0
0
0
0
0
0
0
0
0
0
0
0
0
0
0
0
0
0
0
0
0
0
0
0
0
0
0
0
0
0
0
0
0
0
0
0
0
0
0
0
0
0
0
0
0
0
0
0
0
0
0
0
0
0
0
0
0
0
0
0
0
0
0
0
0
0
0
0
0
0
0
0
0
0
0
0
0
0
0
0
0
0
0
0
0
0
0
0
0
0
0
0
0
0
0
0
0
0
0
0
0
0
0
0
0
0
0
0
0
0
0
0
0
0
0
0
0
0
0
0
0
0
0
0
0
0
0
0
0
0
0
0
0
0
0
0
0
0
0
0
0
0
0
0
0
0
0
0
0
0
0
0
0
0
0
0
0
0
0
0
0
0
0
0
0
0
0
0
0
0
0
0
0
0
0
0
0
0
0
0
0
0
0
0
0
0
0
0
0
0
0
0
0
0
0
0
0
0
0
0
0
0
0
0
0
0
0
0
0
0
0
0
0
0
0
0
0
0
0
0
0
0
0
0
0
0
0
0
0
0
0
0
0
0
0
0
0
0
0
0
0
0
0
0
0
0
0
0
0
0
0
0
0
0
0
0
0
0
0
0
0
0
0
0
0
0
0
0
0
0
0
0
0
0
0
0
0
0
0
0
0
0
0
0
0
0
0
0
0
0
0
0
0
0
0
0
0
0
0
0
0
0
0
0
0
0
0
0
0
0
0
0
0
0
0
0
0
0
0
0
0
0
0
0
0
0
0
0
0
0
0
0
0
0
0
0
0
0
0
0
0
0
0
0
0
0
0
0
0
0
0
0
0
0
0
0
0
0
0
0
0
0
0
0
0
0
0
0
0
0
0
0
0
0
0
0
0
0
0
0
0
0
0
0
0
0
0
0
0
0
0
0
0
0
0
0
0
0
0
0
0
0
0
0
0
0
0
0
0
0
0
0
0
0
0
0
0
0
0
0
0
0
0
0
0
0
0
0
0
0
0
0
0
0
0
0
0
0
0
0
0
0
0
0
0
0
0
0
0
0
0
0
0
0
0
0
0
0
0
0
0
0
0
0
0
0
0
0
0
0
0
0
0
0
0
0
0
0
0
0
0
0
0
0
0
0
0
0
0
0
0
0
0
0
0
0
0
0
0
0
0
0
0
2239
2347
2617
2555
2542
2569
2449
2425
2520
2416
2729
2750
2531
2411
2587
2740
2827
2803
2230
2405
2579
2483
2802
2658
2265
2371
2563
2499
2580
2704
2350
2270
2520
2497
2798
2800
2398
2290
2574
2647
2745
2666
2300
2469
2734
2756
2753
2700
2262
2196
2593
2558
2790
2699
2478
2307
2605
2546
2923
2907
2438
2345
2658
2549
2803
2715
2261
2480
2779
2559
2757
2894
2239
2489
2570
2540
2589
2737
2300
2217
2444
2484
2840
2765
2235
2301
2670
2657
2753
2795
2203
2440
2662
2764
2655
2718
2540
2426
2641
2715
2708
2921
2507
2454
2681
2802
2874
3084
2407
2309
2619
2625
2768
2926
2365
2332
2418
2515
2374
2826
2405
2289
2630
2559
2781
2958
2491
2451
2782
2690
2917
2922
2334
2464
2693
2803
2676
2877
2450
2520
2582
2639
2816
2788
2499
2372
2694
2671
2779
2923
2417
2449
2901
2708
2968
3184
2416
2429
2750
2717
2700
2929
2624
2359
2602
2416
2753
2696
2511
2247
2508
2447
2723
2846
2334
2355
2690
2685
2715
2823
2226
2492
2579
2644
2567
2712
2449
2429
2679
2533
2806
2746
2440
2444
2516
2652
2713
2755
2513
2366
2727
2605
2591
2895
2349
2442
2683
2638
2725
2771
2545
2442
2677
2440
2761
2733
2506
2388
2582
2734
2726
2799
2477
2269
2767
2576
2732
2683
2235
2438
2506
2742
2708
2696
2481
2489
2649
2441
2640
2849
2298
2431
2710
2564
2884
2877
2360
2501
2843
2560
2658
2741
2314
2423
2564
2402
2710
2838
2348
2139
2645
2415
2501
2743
2263
2297
2691
2604
2704
2717
2363
2290
2586
2662
2649
2814
2369
2395
2498
2532
2618
2510
0
0
0
0
0
0
0
0
0
0
0
0
0
0
0
0
0
0
0
0
0
0
0
0
0
0
0
0
0
0
0
0
0
0
0
0
0
0
0
0
0
0
0
0
0
0
0
0
0
0
0
0
0
0
0
0
0
0
0
0
0
0
0
0
0
0
0
0
0
0
0
0
0
0
0
0
0
0
0
0
0
0
0
0
0
0
0
0
0
0
0
0
0
0
0
0
0
0
0
0
0
0
0
0
0
0
0
0
0
0
0
0
0
0
0
0
0
0
0
0
0
0
0
0
0
0
0
0
0
0
0
0
0
0
0
0
0
0
0
0
0
0
0
0
0
0
0
0
0
0
0
0
0
0
0
0
0
0
0
0
0
0
0
0
0
0
0
0
0
0
0
0
0
0
0
0
0
0
0
0
0
0
0
0
0
0
0
0
0
0
0
0
0
0
0
0
0
0
0
0
0
0
0
0
0
0
0
0
0
0
0
0
0
0
0
0
0
0
0
0
0
0
0
0
0
0
0
0
0
0
0
0
0
0
0
0
0
0
0
0
0
0
0
0
0
0
0
0
0
0
0
0
0
0
0
0
0
0
0
0
0
0
0
0
0
0
0
0
0
0
0
0
0
0
0
0
0
0
0
0
0
0
0
0
0
0
0
0
0
0
0
0
0
0
0
0
0
0
0
0
0
0
0
0
0
0
0
0
0
0
0
0
0
0
0
0
0
0
0
0
0
0
0
0
0
0
0
0
0
0
0
0
0
0
0
0
0
0
0
0
0
0
0
0
0
0
0
0
0
0
0
0
0
0
0
0
0
0
0
0
0
0
0
0
0
0
0
0
0
0
0
0
0
0
0
0
0
0
0
0
0
0
0
0
0
0
0
0
0
0
0
0
0
0
0
0
0
0
0
0
0
0
0
0
0
0
0
0
0
0
0
0
0
0
0
0
0
0
0
0
0
0
0
0
0
0
0
0
0
0
0
0
0
0
0
0
0
0
0
0
0
0
0
0
0
0
0
0
0
0
0
0
0
0
0
0
0
0
0
0
0
0
0
0
0
0
0
0
0
0
0
0
0
0
0
0
0
0
0
0
0
0
0
0
0
0
0
0
0
0
0
0
0
0
0
0
0
0
0
0
0
0
0
0
0
0
0
0
0
0
0
0
0
0
0
0
0
0
0
0
0
0
0
0
0
0
0
0
0
0
0
0
0
0
0
0
0
0
0
0
0
0
0
0
0
0
0
0
0
0
0
0
0
0
0
0
0
0
0
0
0
0
0
0
0
0
0
0
0
0
0
0
0
0
0
0
0
0
0
0
0
0
0
0
0
0
0
0
0
0
0
0
0
0
0
0
0
0
0
0
0
0
0
0
0
0
0
0
0
0
0
0
0
0
0
0
0
0
0
0
0
0
0
0
0
0
0
0
0
0
0
0
0
0
0
0
0
0
0
0
0
0
0
0
0
0
0
0
0
0
0
0
0
0
0
0
0
0
0
0
0
0
0
0
0
0
0
0
0
0
0
0
0
0
0
0
0
0
0
0
0
0
0
0
0
0
0
0
0
0
0
0
0
0
0
0
0
0
0
0
0
0
0
0
0
0
0
0
0
0
0
0
0
0
0
0
0
0
0
0
0
0
0
0
0
0
0
0
0
0
0
0
0
0
0
0
0
0
0
0
0
0
0
0
0
0
0
0
0
0
0
0
0
0
0
0
0
0
0
0
0
0
0
0
0
0
0
0
0
0
0
0
0
0
0
0
0
0
0
0
0
0
0
0
0
0
0
0
0
0
0
0
0
0
0
0
0
0
0
0
0
0
0
0
0
0
0
0
0
0
0
0
0
0
0
0
0
0
0
0
0
0
0
0
0
0
0
0
0
0
0
0
0
0
0
0
0
0
0
0
0
0
0
0
0
0
2319
2336
2391
2559
2606
2629
2378
2400
2498
2491
2595
2727
2297
2300
2570
2501
2656
2878
2360
2552
2797
2720
2784
2754
2346
2531
2662
2536
2627
2780
2351
2283
2581
2621
2778
2883
2317
2355
2539
2715
2763
2799
2323
2336
2599
2534
2894
2664
2394
2541
2724
2760
2874
2766
2370
2415
2664
2762
2744
2848
2449
2472
2763
2517
2905
2875
2344
2444
2773
2595
2644
2690
2413
2336
2656
2614
2810
2837
2489
2299
2530
2593
2709
2834
2323
2318
2668
2747
2769
2780
2332
2324
2567
2505
2637
2837
2354
2327
2734
2618
2774
2943
2369
2337
2766
2571
2787
2700
2507
2460
2643
2497
2759
2874
2334
2388
2601
2613
2618
2820
2305
2507
2586
2535
2741
2812
2283
2424
2379
2554
2632
2980
2271
2433
2643
2638
2697
2890
2191
2306
2633
2634
2613
2823
2422
2355
2597
2457
2681
2795
2254
2270
2440
2591
2578
2812
2422
2247
2441
2500
2608
2849
2226
2342
2560
2506
2663
2716
2371
2343
2619
2587
2678
2707
2485
2287
2593
2635
2725
2950
2462
2420
2673
2640
2728
2872
2382
2506
2541
2752
2684
2667
2448
2234
2578
2473
2748
2818
2248
2217
2616
2658
2754
2779
2478
2367
2734
2506
2557
2781
2434
2273
2632
2316
2446
2665
2311
2133
2791
2434
2565
2655
2105
2252
2685
2575
2639
2667
2198
2205
2694
2342
2544
2476
2171
2302
2361
2684
2656
2490
2355
2249
2687
2376
2601
2741
2190
2226
2565
2497
2638
2644
2360
2367
2512
2436
2497
2454
2364
2313
2414
2326
2482
2501
2362
2215
2641
2426
2468
2758
2207
2274
2318
2450
2486
2663
2414
2248
2490
2328
2545
2713
0
0
0
0
0
0
0
0
0
0
0
0
0
0
0
0
0
0
0
0
0
0
0
0
0
0
0
0
0
0
0
0
0
0
0
0
0
0
0
0
0
0
0
0
0
0
0
0
0
0
0
0
0
0
0
0
0
0
0
0
0
0
0
0
0
0
0
0
0
0
0
0
0
0
0
0
0
0
0
0
0
0
0
0
0
0
0
0
0
0
0
0
0
0
0
0
0
0
0
0
0
0
0
0
0
0
0
0
0
0
0
0
0
0
0
0
0
0
0
0
0
0
0
0
0
0
0
0
0
0
0
0
0
0
0
0
0
0
0
0
0
0
0
0
0
0
0
0
0
0
0
0
0
0
0
0
0
0
0
0
0
0
0
0
0
0
0
0
0
0
0
0
0
0
0
0
0
0
0
0
0
0
0
0
0
0
0
0
0
0
0
0
0
0
0
0
0
0
0
0
0
0
0
0
0
0
0
0
0
0
0
0
0
0
0
0
0
0
0
0
0
0
0
0
0
0
0
0
0
0
0
0
0
0
0
0
0
0
0
0
0
0
0
0
0
0
0
0
0
0
0
0
0
0
0
0
0
0
0
0
0
0
0
0
0
0
0
0
0
0
0
0
0
0
0
0
0
0
0
0
0
0
0
0
0
0
0
0
0
0
0
0
0
0
0
0
0
0
0
0
0
0
0
0
0
0
0
0
0
0
0
0
0
0
0
0
0
0
0
0
0
0
0
0
0
0
0
0
0
0
0
0
0
0
0
0
0
0
0
0
0
0
0
0
0
0
0
0
0
0
0
0
0
0
0
0
0
0
0
0
0
0
0
0
0
0
0
0
0
0
0
0
0
0
0
0
0
0
0
0
0
0
0
0
0
0
0
0
0
0
0
0
0
0
0
0
0
0
0
0
0
0
0
0
0
0
0
0
0
0
0
0
0
0
0
0
0
0
0
0
0
0
0
0
0
0
0
0
0
0
0
0
0
0
0
0
0
0
0
0
0
0
0
0
0
0
0
0
0
0
0
0
0
0
0
0
0
0
0
0
0
0
0
0
0
0
0
0
0
0
0
0
0
0
0
0
0
0
0
0
0
0
0
0
0
0
0
0
0
0
0
0
0
0
0
0
0
0
0
0
0
0
0
0
0
0
0
0
0
0
0
0
0
0
0
0
0
0
0
0
0
0
0
0
0
0
0
0
0
0
0
0
0
0
0
0
0
0
0
0
0
0
0
0
0
0
0
0
0
0
0
0
0
0
0
0
0
0
0
0
0
0
0
0
0
0
0
0
0
0
0
0
0
0
0
0
0
0
0
0
0
0
0
0
0
0
0
0
0
0
0
0
0
0
0
0
0
0
0
0
0
0
0
0
0
0
0
0
0
0
0
0
0
0
0
0
0
0
0
0
0
0
0
0
0
0
0
0
0
0
0
0
0
0
0
0
0
0
0
0
0
0
0
0
0
0
0
0
0
0
0
0
0
0
0
0
0
0
0
0
0
0
0
0
0
0
0
0
0
0
0
0
0
0
0
0
0
0
0
0
0
0
0
0
0
0
0
0
0
0
0
0
0
0
0
0
0
0
0
0
0
0
0
0
0
0
0
0
0
0
0
0
0
0
0
0
0
0
0
0
0
0
0
0
0
0
0
0
0
0
0
0
0
0
0
0
0
0
0
0
0
0
0
0
0
0
0
0
0
0
0
0
0
0
0
0
0
0
0
0
0
0
0
0
0
0
0
0
0
0
0
0
0
0
0
0
0
0
0
0
0
0
0
0
0
0
0
0
0
0
0
0
0
0
0
0
0
0
0
0
0
0
0
0
0
0
0
0
0
0
0
0
0
0
0
0
0
0
0
0
0
0
0
0
0
0
0
0
0
0
0
0
0
0
0
0
0
0
0
0
0
0
0
0
0
0
2217
2390
2595
2672
2679
2816
2380
2430
2739
2761
2667
2830
2335
2376
2592
2588
2745
2737
2533
2356
2588
2689
2869
3015
2588
2370
2687
2606
2585
2879
2583
2446
2725
2612
2625
2803
2673
2520
2645
2590
2644
2905
2418
2448
2745
2675
2637
2759
2287
2376
2419
2415
2703
2757
2400
2228
2442
2614
2670
2866
2289
2394
2711
2594
2705
2732
2419
2467
2690
2541
2782
2894
2306
2335
2738
2459
2549
2809
2277
2331
2524
2444
2593
2623
2462
2317
2527
2377
2602
2777
2328
2354
2612
2478
2767
2773
2350
2438
2502
2640
2712
2715
2381
2426
2387
2493
2601
2843
2237
2288
2503
2566
2757
2821
2158
2181
2505
2503
2649
2630
2441
2376
2595
2505
2801
2721
2408
2173
2550
2595
2644
2703
2504
2237
2483
2380
2555
2718
2178
2192
2566
2422
2515
2713
2152
2394
2599
2530
2675
2725
2285
2325
2515
2469
2710
2624
2361
2334
2628
2598
2628
2732
2182
2371
2611
2593
2728
2791
2309
2419
2568
2493
2707
2669
2191
2363
2665
2489
2744
2691
2375
2367
2757
2624
2672
2744
2407
2191
2643
2512
2582
2654
2404
2133
2624
2603
2554
2865
2328
2298
2630
2465
2726
2716
2352
2162
2410
2626
2732
2748
2363
2417
2643
2621
2818
2735
2240
2231
2568
2501
2626
2744
2514
2283
2611
2586
2758
2856
2676
2532
2685
2630
2655
2840
2536
2472
2848
2627
2811
2710
2324
2555
2622
2666
2706
2837
2370
2466
2679
2605
2767
2999
2512
2493
2673
2600
2733
2850
2513
2487
2648
2752
2827
2843
2481
2401
2718
2762
2734
2802
2363
2320
2653
2678
2787
2876
2526
2366
2681
2638
2763
2952
0
0
0
0
0
0
0
0
0
0
0
0
0
0
0
0
0
0
0
0
0
0
0
0
0
0
0
0
0
0
0
0
0
0
0
0
0
0
0
0
0
0
0
0
0
0
0
0
0
0
0
0
0
0
0
0
0
0
0
0
0
0
0
0
0
0
0
0
0
0
0
0
0
0
0
0
0
0
0
0
0
0
0
0
0
0
0
0
0
0
0
0
0
0
0
0
0
0
0
0
0
0
0
0
0
0
0
0
0
0
0
0
0
0
0
0
0
0
0
0
0
0
0
0
0
0
0
0
0
0
0
0
0
0
0
0
0
0
0
0
0
0
0
0
0
0
0
0
0
0
0
0
0
0
0
0
0
0
0
0
0
0
0
0
0
0
0
0
0
0
0
0
0
0
0
0
0
0
0
0
0
0
0
0
0
0
0
0
0
0
0
0
0
0
0
0
0
0
0
0
0
0
0
0
0
0
0
0
0
0
0
0
0
0
0
0
0
0
0
0
0
0
0
0
0
0
0
0
0
0
0
0
0
0
0
0
0
0
0
0
0
0
0
0
0
0
0
0
0
0
0
0
0
0
0
0
0
0
0
0
0
0
0
0
0
0
0
0
0
0
0
0
0
0
0
0
0
0
0
0
0
0
0
0
0
0
0
0
0
0
0
0
0
0
0
0
0
0
0
0
0
0
0
0
0
0
0
0
0
0
0
0
0
0
0
0
0
0
0
0
0
0
0
0
0
0
0
0
0
0
0
0
0
0
0
0
0
0
0
0
0
0
0
0
0
0
0
0
0
0
0
0
0
0
0
0
0
0
0
0
0
0
0
0
0
0
0
0
0
0
0
0
0
0
0
0
0
0
0
0
0
0
0
0
0
0
0
0
0
0
0
0
0
0
0
0
0
0
0
0
0
0
0
0
0
0
0
0
0
0
0
0
0
0
0
0
0
0
0
0
0
0
0
0
0
0
0
0
0
0
0
0
0
0
0
0
0
0
0
0
0
0
0
0
0
0
0
0
0
0
0
0
0
0
0
0
0
0
0
0
0
0
0
0
0
0
0
0
0
0
0
0
0
0
0
0
0
0
0
0
0
0
0
0
0
0
0
0
0
0
0
0
0
0
0
0
0
0
0
0
0
0
0
0
0
0
0
0
0
0
0
0
0
0
0
0
0
0
0
0
0
0
0
0
0
0
0
0
0
0
0
0
0
0
0
0
0
0
0
0
0
0
0
0
0
0
0
0
0
0
0
0
0
0
0
0
0
0
0
0
0
0
0
0
0
0
0
0
0
0
0
0
0
0
0
0
0
0
0
0
0
0
0
0
0
0
0
0
0
0
0
0
0
0
0
0
0
0
0
0
0
0
0
0
0
0
0
0
0
0
0
0
0
0
0
0
0
0
0
0
0
0
0
0
0
0
0
0
0
0
0
0
0
0
0
0
0
0
0
0
0
0
0
0
0
0
0
0
0
0
0
0
0
0
0
0
0
0
0
0
0
0
0
0
0
0
0
0
0
0
0
0
0
0
0
0
0
0
0
0
0
0
0
0
0
0
0
0
0
0
0
0
0
0
0
0
0
0
0
0
0
0
0
0
0
0
0
0
0
0
0
0
0
0
0
0
0
0
0
0
0
0
0
0
0
0
0
0
0
0
0
0
0
0
0
0
0
0
0
0
0
0
0
0
0
0
0
0
0
0
0
0
0
0
0
0
0
0
0
0
0
0
0
0
0
0
0
0
0
0
0
0
0
0
0
0
0
0
0
0
0
0
0
0
0
0
0
0
0
0
0
0
0
0
0
0
0
0
0
0
0
0
0
0
0
0
0
0
0
0
0
0
0
0
0
0
0
0
0
0
0
0
0
0
0
0
0
0
0
0
0
0
0
0
0
0
0
0
0
0
0
0
0
0
0
0
