2532
2423
2591
2634
2771
2956
2536
2465
2606
2555
2639
2943
2229
2365
2540
2545
2783
2910
2394
2508
2698
2556
2835
2721
2288
2464
2632
2674
2820
2780
2376
2170
2557
2729
2862
2816
2310
2438
2732
2735
2956
2770
2378
2520
2762
2613
2899
2753
2392
2397
2595
2532
2617
2823
2463
2197
2525
2611
2734
2854
2428
2422
2712
2606
2763
2713
2371
2396
2500
2618
2546
2767
2327
2325
2647
2682
2708
2834
2254
2280
2469
2623
2721
2779
2285
2327
2587
2785
2851
2916
2283
2534
2718
2789
2726
2840
2540
2561
2829
2699
2905
2965
2447
2449
2710
2449
2719
3030
2376
2372
2611
2621
2893
2826
2425
2518
2719
2516
2543
2694
2336
2339
2746
2730
2628
2781
2367
2270
2534
2743
2771
2905
2429
2195
2568
2564
2688
2827
2201
2262
2795
2584
2693
2850
2356
2202
2529
2506
2752
2772
2590
2310
2499
2595
2932
2920
2399
2428
2685
2386
2547
2586
2243
2303
2416
2709
2575
2840
2442
2326
2502
2462
2496
2790
2341
2377
2659
2574
2657
2855
2265
2183
2577
2550
2520
2721
2313
2232
2296
2582
2601
2798
2388
2183
2491
2386
2493
2737
2233
2195
2468
2315
2653
2547
2220
2263
2493
2528
2711
2660
2369
2571
2521
2562
2331
2429
2304
2272
2652
2400
2598
2775
2304
2327
2506
2672
2665
2793
2349
2396
2567
2536
2467
2612
2424
2236
2421
2399
2570
2747
2432
2160
2512
2504
2784
2856
2409
2260
2483
2418
2574
2674
2332
2264
2585
2367
2380
2613
2274
2207
2493
2403
2695
2648
2297
2279
2606
2406
2576
2636
2084
2422
2698
2443
2612
2601
2154
2286
2413
2354
2614
2474
2244
2098
2353
2376
2600
2603
2317
2326
2480
2446
2542
2649
2202
2141
2573
2417
2517
2356
2211
2232
2388
2292
2464
2490
2335
2008
2323
2178
2250
2492
2229
2175
2400
2532
2575
2551
2123
2211
2259
2252
2523
2471
2039
2263
2263
2494
2440
2584
2082
2256
2284
2210
2590
2650
2241
2117
2236
2455
2719
2840
2120
2278
2608
2372
2347
2443
2196
2225
2383
2245
2551
2496
2352
2126
2413
2233
2486
2712
2105
2040
2249
2379
2401
2493
2042
2251
2343
2176
2400
2501
2149
2254
2166
2257
2301
2545
2014
2114
2282
2486
2632
2695
2105
2373
2276
2429
2496
2401
2046
2222
2249
2430
2595
2528
2139
2144
2323
2419
2405
2519
2294
2290
2534
2468
2619
2668
2273
2112
2506
2443
2460
2565
2222
2019
2384
2315
2383
2523
2199
1899
2299
2329
2431
2532
2138
2084
2447
2405
2643
2613
2160
2275
2438
2498
2709
2471
2157
2234
2437
2508
2621
2476
2200
2406
2500
2570
2725
2825
2266
2340
2602
2411
2646
2513
2244
2276
2590
2483
2543
2575
2435
2388
2643
2500
2500
2808
2361
2163
2637
2481
2534
2635
2361
2221
2505
2593
2577
2663
2238
2334
2556
2656
2623
2844
2282
2175
2401
2517
2581
2705
2294
2159
2433
2541
2722
2681
2343
2545
2700
2665
2813
2869
2321
2391
2628
2530
2626
2645
2484
2382
2610
2452
2720
2797
2399
2346
2695
2496
2808
2822
2364
2446
2716
2542
2471
2767
2249
2333
2561
2486
2565
2790
2407
2220
2524
2476
2684
2739
2369
2276
2381
2503
2612
2915
2226
2259
2586
2543
2568
2888
2351
2419
2503
2398
2813
2734
2323
2345
2537
2518
2549
3007
2468
2418
2539
2564
2833
2875
2191
2395
2545
2565
2567
2775
2299
2547
2582
2472
2548
2715
2383
2156
2499
2392
2732
2803
2340
2323
2653
2488
2573
2724
2215
2376
2565
2451
2453
2663
2193
2185
2523
2391
2582
2460
2264
2204
2481
2448
2788
2679
2303
2184
2691
2532
2713
2729
2231
2369
2564
2575
2613
2375
2390
2408
2577
2444
2812
2815
2366
2303
2706
2506
2623
2800
2115
2164
2645
2406
2531
2602
2372
2303
2545
2574
2547
2677
2394
2267
2690
2419
2659
2669
2361
2322
2728
2549
2617
2851
2457
2296
2546
2455
2580
2746
2202
2273
2643
2530
2824
2558
2288
2383
2720
2550
2622
2596
2247
2381
2778
2667
2730
2753
2431
2298
2597
2586
2662
2619
2413
2396
2672
2710
2721
2580
2367
2455
2646
2556
2666
2882
2453
2287
2677
2646
2583
2821
2448
2403
2675
2482
2597
2666
2525
2260
2595
2498
2737
2822
2329
2322
2662
2623
2555
2950
2497
2309
2629
2587
2665
2719
2312
2405
2731
2533
2809
2879
2336
2339
2473
2563
2827
2883
2271
2263
2661
2474
2629
2800
2388
2448
2487
2447
2640
2705
2534
2465
2601
2507
2766
2843
2358
2333
2486
2439
2428
2586
2198
2426
2547
2478
2613
2894
2298
2438
2498
2487
2479
2695
2350
2278
2503
2344
2583
2646
2136
2168
2453
2639
2611
2738
2277
2361
2518
2732
2853
2849
2374
2399
2443
2382
2655
2745
2374
2371
2551
2519
2761
2820
2141
2255
2696
2515
2821
2915
2384
2285
2547
2564
2675
2741
2352
2369
2641
2453
2682
2626
2341
2264
2648
2617
2689
2644
2330
2182
2642
2668
2741
2823
2367
2260
2641
2567
2685
2837
2472
2358
2836
2657
2794
2763
2426
2218
2837
2660
2701
2632
2452
2365
2692
2680
2908
2869
2428
2414
2631
2719
2662
2721
2401
2450
2757
2615
2823
2804
2426
2516
2845
2846
2786
2938
2510
2467
2855
2727
2741
2900
2450
2223
2853
2618
2780
2892
2485
2382
2808
2791
2700
2825
2544
2386
2916
2710
2916
2848
2734
2487
2809
2710
2927
2895
2637
2499
2869
2728
2944
2940
2628
2531
2742
2810
2900
3067
2650
2536
2741
2582
2803
2943
2586
2690
2759
2599
2863
2865
2585
2604
2721
2775
2904
3051
2680
2674
2693
2829
2844
3102
2586
2670
2854
2697
2827
3107
2685
2620
2795
2637
2861
3244
2643
2461
2755
2777
2752
3088
2565
2553
2813
2802
2946
2960
2627
2647
2691
2638
2893
3003
2596
2594
2760
2739
2864
3023
2446
2647
2747
2761
3185
2964
2641
2688
2786
2716
3132
3081
2442
2704
2886
2803
2779
2929
2585
2655
2775
2625
2892
2859
2489
2527
2747
2731
2932
2972
2570
2503
2785
2585
2774
2873
2411
2425
2677
2623
2809
2970
2463
2456
2934
2774
2931
3076
2354
2592
2803
2683
3104
2886
2500
2574
2725
2693
2882
2990
2500
2551
2747
2903
3173
3029
2538
2671
2918
2814
3104
2820
2580
2689
2903
2616
3068
2863
2558
2459
2907
2889
2949
3144
2569
2585
2992
2913
2888
2934
2552
2501
2884
2811
2935
2861
2499
2470
2885
2876
3012
2895
2596
2482
2819
2929
3096
3021
2667
2545
2827
2890
3104
3046
2573
2708
2916
2964
3120
3120
2639
2618
3049
2861
2963
3011
2545
2613
3096
3032
2949
3232
2745
2602
2906
3076
3081
3234
2803
2614
2891
2894
3090
3007
2553
2490
2675
2628
2841
2906
2439
2317
2540
2625
2831
2714
2464
2363
2606
2603
2845
2844
2381
2415
2637
2782
2618
2825
2464
2356
2780
2635
2885
2892
2388
2379
2635
2579
2816
2869
2473
2463
2827
2746
2836
3026
2343
2370
2649
2706
2859
2832
2465
2667
2652
2736
2893
2992
2434
2616
2662
2727
2832
3012
2438
2523
2856
2741
2858
3048
2457
2491
2776
2773
2831
2905
2647
2470
2949
2677
2830
2948
2468
2481
2831
2658
2926
2846
2571
2611
2764
2892
2913
3120
2445
2507
2678
2787
2890
2938
2553
2485
2820
2549
2946
2959
2609
2369
2635
2726
2872
2979
2648
2529
2890
2751
2776
2969
2613
2588
2835
2643
2874
2942
2520
2432
2865
2733
2849
2928
2457
2589
2755
2751
2973
2905
2524
2432
2787
2800
2918
3046
2630
2737
2738
2638
2997
2969
2546
2576
2801
2724
2956
3038
2581
2642
2864
2804
2899
2825
2455
2555
2864
2737
2954
2909
2523
2656
2755
2845
2828
2980
2546
2574
2806
2748
2779
2935
2443
2437
2729
2836
2962
3088
2552
2536
2698
2700
2900
2968
2558
2584
2623
2744
2666
2935
2566
2586
2937
2709
2979
2987
2516
2562
2750
2679
2954
2866
2558
2498
2872
2746
2658
2878
2445
2537
2728
2823
2878
3003
2565
2513
2873
2831
3042
2887
2361
2591
2823
2768
2818
2980
2565
2447
2822
2560
2997
3062
2549
2297
2592
2658
2831
2886
2516
2462
2883
2713
2875
2899
2416
2524
2636
2527
2673
2882
2260
2393
2860
2842
2802
3015
2284
2532
2615
2635
2841
2926
2471
2299
2683
2735
2909
2880
2523
2615
2723
2744
2890
3008
2630
2394
2577
2735
2862
3030
2435
2541
2736
2817
2922
2870
2432
2534
2577
2656
2880
2774
2565
2324
2725
2736
2591
2981
2479
2442
2822
2840
2855
2760
2589
2553
2779
2849
3081
3032
2661
2459
2666
2737
2701
2946
2344
2362
2871
2826
2917
3010
2626
2585
2802
2799
2974
3113
2638
2529
2959
2761
2945
3038
2468
2553
2981
2737
2797
3077
2820
2531
2883
2818
2870
3165
2430
2451
2830
2674
2957
2969
2437
2680
2813
2809
2846
2999
2460
2570
2855
2737
2890
3165
2583
2531
2803
2650
2851
2942
2609
2572
2779
2849
2842
2911
2451
2403
2795
2663
2799
2958
2339
2495
2842
2734
2817
2947
2722
2565
2650
2707
2751
2673
2516
2214
2752
2498
2867
2930
2460
2448
2731
2902
2821
2975
2562
2473
2634
2497
2702
2782
2575
2455
2664
2509
2897
2975
2413
2513
2725
2704
2927
2884
2335
2300
2758
2561
2685
2874
2588
2486
2667
2678
2799
2915
2662
2395
2730
2711
2892
2844
2599
2380
2827
2648
2787
2882
2350
2461
2762
2757
2813
3057
2533
2544
2574
2618
2775
2805
2697
2438
2720
2502
2743
2895
2386
2574
2766
2823
2839
3051
2539
2622
2666
2723
2792
2696
2396
2660
2612
2640
2739
2878
2402
2531
2859
2793
2850
2936
2439
2690
2837
2789
2857
2921
2497
2582
2684
2651
2756
2962
2521
2505
2886
2616
2949
2836
2463
2332
2748
2614
2872
2919
2486
2358
2716
2631
2843
2852
2529
2532
2723
2637
2892
2549
2444
2338
2697
2576
2886
2892
2559
2420
2760
2791
2876
2993
2430
2336
2754
2607
2811
2739
2477
2528
2626
2507
2914
2952
2549
2392
2714
2608
2835
2912
2363
2552
2627
2705
2785
2874
2589
2533
2575
2552
2709
2924
2195
2370
2639
2641
2782
2794
2273
2482
2642
2824
2803
2943
2486
2677
2839
2726
2830
3061
2268
2389
2670
2784
2861
2752
2471
2514
2599
2775
2971
3005
2546
2492
2668
2819
2859
2977
2511
2524
2751
2888
3066
2947
2720
2699
2725
2762
2722
2890
2433
2364
2849
2809
2972
3086
2571
2631
2756
2869
2864
3048
2736
2530
2725
2646
2769
2993
2499
2493
2953
2892
3107
3126
2601
2535
2821
2734
3005
3100
2424
2477
2888
2749
2895
3124
2670
2529
2881
2762
2932
2933
2573
2573
2999
2928
3029
3102
2605
2612
3008
2878
2930
3005
2495
2539
2858
2846
3034
3087
2710
2699
2989
2756
2893
3040
2612
2506
2766
2943
3125
3040
2617
2753
2899
2875
2955
3035
2586
2687
2803
2817
2847
3002
2554
2421
2799
2759
2872
3055
2523
2538
2868
2833
2988
3041
2612
2518
3096
2868
3062
2999
2553
2618
2816
2800
2879
3012
2723
2665
2935
3072
3183
3289
2755
2545
2716
2677
2938
3020
2619
2614
2921
2762
3004
3269
2758
2735
2929
2936
2923
3066
2779
2621
3001
2731
2949
3178
2677
2689
2978
2915
2999
3080
2695
2504
2902
2832
3006
3078
2623
2823
3037
2980
2929
3302
2716
2809
3016
2915
3100
3177
2557
2546
2931
2748
3045
3212
2635
2545
2801
2739
2797
3163
2531
2466
2943
2802
3054
2964
2669
2752
2914
2845
2893
2966
2574
2653
3054
2936
3061
3158
2524
2632
2899
2790
3052
3049
2679
2680
2816
2782
3012
3002
2574
2619
2861
2727
2929
2992
2742
2663
2890
2826
3100
2973
2717
2725
2998
2824
2878
3137
2638
2483
2844
2699
2997
2925
2626
2604
2958
2995
3138
3065
2723
2627
3004
2830
2927
3125
2616
2539
2934
2924
3191
3189
2708
2669
2825
2837
3018
3020
2654
2688
3071
2773
3124
3256
2703
2659
2930
2814
2903
3125
2651
2600
3033
2720
2909
2948
2548
2635
2997
2915
2981
3023
2487
2677
3022
2984
3061
3078
2483
2816
2911
2984
2999
3013
2721
2653
2807
2764
3059
3028
2503
2567
2845
2735
2972
3075
2608
2652
2983
2851
2988
3081
2599
2549
2808
2776
2832
3010
2635
2536
2861
2864
2842
2900
2597
2454
2871
3066
3044
3181
2636
2596
2886
2923
3052
3225
2631
2905
2974
2897
3079
3216
2866
2561
2741
2758
3134
3234
2703
2588
2902
2682
3144
3278
2605
2704
2997
2962
2893
3023
2667
2637
3042
2792
3004
2994
2706
2687
3122
2984
3122
3176
2732
2616
2949
3177
3110
3154
2586
2558
2938
2892
3020
3113
2601
2528
2795
2986
3113
3212
2664
2582
2908
2835
3025
3062
2822
2736
2935
2786
2956
3032
2649
2575
2956
3082
3041
3045
2739
2862
3009
3032
2998
3142
2701
2706
3193
2924
3108
3236
2689
2802
3005
3097
3111
3175
2773
2706
2974
2984
3144
3275
2673
2617
3004
2946
3131
3276
2765
2728
2908
2749
3183
3258
2806
2711
3047
2815
2959
3150
2594
2620
3064
2890
3112
3179
2648
2753
3072
3050
3137
3229
2684
2828
3080
2889
3008
3094
2769
2653
2931
2985
3122
3265
2906
2748
2973
2971
3057
3298
2755
2516
2980
2848
3187
3318
2783
2661
3015
2947
2953
3169
2685
2679
3040
2921
3059
3097
2676
2653
2813
2921
3178
3186
2786
2568
2801
2972
2982
3102
2541
2719
3060
2987
3164
3171
2239
2347
2617
2555
2542
2569
2449
2425
2520
2416
2729
2750
2531
2411
2587
2740
2827
2803
2230
2405
2579
2483
2802
2658
2265
2371
2563
2499
2580
2704
2350
2270
2520
2497
2798
2800
2398
2290
2574
2647
2745
2666
2300
2469
2734
2756
2753
2700
2262
2196
2593
2558
2790
2699
2478
2307
2605
2546
2923
2907
2438
2345
2658
2549
2803
2715
2261
2480
2779
2559
2757
2894
2239
2489
2570
2540
2589
2737
2300
2217
2444
2484
2840
2765
2235
2301
2670
2657
2753
2795
2203
2440
2662
2764
2655
2718
2540
2426
2641
2715
2708
2921
2507
2454
2681
2802
2874
3084
2407
2309
2619
2625
2768
2926
2365
2332
2418
2515
2374
2826
2405
2289
2630
2559
2781
2958
2491
2451
2782
2690
2917
2922
2334
2464
2693
2803
2676
2877
2450
2520
2582
2639
2816
2788
2499
2372
2694
2671
2779
2923
2417
2449
2901
2708
2968
3184
2416
2429
2750
2717
2700
2929
2624
2359
2602
2416
2753
2696
2511
2247
2508
2447
2723
2846
2334
2355
2690
2685
2715
2823
2226
2492
2579
2644
2567
2712
2449
2429
2679
2533
2806
2746
2440
2444
2516
2652
2713
2755
2513
2366
2727
2605
2591
2895
2349
2442
2683
2638
2725
2771
2545
2442
2677
2440
2761
2733
2506
2388
2582
2734
2726
2799
2477
2269
2767
2576
2732
2683
2235
2438
2506
2742
2708
2696
2481
2489
2649
2441
2640
2849
2298
2431
2710
2564
2884
2877
2360
2501
2843
2560
2658
2741
2314
2423
2564
2402
2710
2838
2348
2139
2645
2415
2501
2743
2263
2297
2691
2604
2704
2717
2363
2290
2586
2662
2649
2814
2369
2395
2498
2532
2618
2510
2305
2264
2536
2463
2738
2899
2349
2282
2501
2420
2626
2882
2309
2424
2465
2464
2573
2589
2447
2296
2404
2490
2683
2498
2259
2191
2513
2687
2687
2824
2238
2310
2552
2659
2490
2660
2357
2365
2595
2400
2684
2707
2388
2150
2685
2457
2750
2800
2162
2177
2586
2611
2714
2800
2431
2323
2374
2345
2637
2659
2332
2406
2491
2273
2570
2689
2161
2273
2476
2616
2691
2804
2451
2514
2639
2665
2874
2878
2359
2486
2693
2750
2629
2717
2394
2486
2598
2627
2696
2790
2347
2224
2385
2545
2701
2854
2393
2431
2667
2594
2720
2986
2446
2397
2550
2407
2490
2561
2360
2265
2653
2628
2772
2723
2402
2433
2709
2573
2761
2773
2302
2331
2645
2490
2568
2741
2190
2350
2636
2705
2760
2805
2400
2499
2769
2787
2879
2740
2258
2343
2735
2455
2779
2793
2415
2198
2512
2523
2791
2923
2480
2404
2684
2507
2729
2814
2382
2355
2769
2478
2548
2667
2396
2317
2613
2732
2837
2824
2434
2412
2699
2566
2564
2756
2409
2314
2535
2589
2680
2846
2293
2183
2557
2627
2741
2858
2419
2264
2615
2581
2824
2846
2450
2285
2690
2561
2658
2711
2372
2535
2584
2737
2775
2730
2469
2426
2539
2582
2748
2858
2417
2495
2690
2494
2544
2811
2477
2501
2886
2730
2883
2831
2570
2558
2560
2764
2740
2821
2457
2568
2773
2643
2726
2945
2361
2479
2697
2647
2822
2941
2489
2254
2599
2562
2722
2979
2397
2261
2653
2696
2831
2796
2518
2330
2850
2560
2886
2728
2485
2544
2577
2492
2710
2959
2490
2472
2734
2650
2706
2835
2309
2472
2629
2414
2749
2762
2419
2490
2635
2623
2705
2950
2423
2592
2681
2643
2692
2846
2480
2458
2613
2570
2672
2713
2245
2349
2614
2572
2812
2937
2296
2340
2563
2726
2816
2794
2594
2538
2827
2573
2744
2719
2342
2464
2757
2562
2806
2830
2307
2258
2552
2511
2797
2861
2293
2293
2565
2575
2632
2879
2231
2331
2673
2541
2785
2729
2408
2359
2593
2863
2879
2656
2470
2334
2814
2571
2712
2917
2483
2344
2559
2668
2904
2975
2497
2316
2697
2535
2590
2687
2447
2285
2596
2502
2764
2697
2499
2540
2800
2658
2766
2891
2339
2477
2664
2691
2766
2708
2463
2488
2730
2662
2766
2879
2432
2518
2677
2862
2783
2951
2459
2452
2876
2872
3002
3049
2435
2467
2711
2826
2794
2849
2534
2474
2794
2714
2835
2943
2570
2437
2816
2484
2728
3059
2650
2370
2792
2661
2818
2991
2447
2693
2907
2633
2940
2776
2576
2572
2805
2833
2860
2979
2382
2457
2691
2689
2797
2919
2386
2620
2685
2806
2942
2900
2605
2593
2671
2735
2886
2954
2516
2309
2788
2655
2828
2947
2615
2492
2799
2675
2963
2997
2631
2459
2790
2520
2599
2812
2385
2261
2624
2592
2688
2918
2515
2492
2593
2766
2787
2927
2497
2576
2808
2668
2822
2937
2407
2514
2719
2696
2795
2900
2260
2418
2619
2734
2965
3036
2502
2555
2777
2533
2791
3112
2405
2386
2642
2598
2744
2748
2462
2516
2730
2716
2977
2805
2415
2435
2810
2647
2791
2815
2503
2474
2668
2622
2640
2933
2478
2362
2549
2563
2749
2798
2355
2353
2746
2803
2824
2867
2330
2511
2648
2558
2654
2772
2448
2226
2555
2768
2703
2913
2548
2314
2580
2684
2951
2947
2433
2499
2857
2691
2829
2770
2551
2665
2815
2473
2924
2771
2474
2388
2660
2737
2811
3031
2534
2616
2940
2669
2745
2810
2301
2354
2710
2568
2694
2821
2487
2340
2781
2748
2797
2930
2415
2317
2664
2669
2736
2684
2396
2296
2733
2797
2981
2905
2514
2377
2609
2661
2891
2831
2454
2441
2784
2734
2731
2834
2663
2700
2811
2660
2845
2897
2562
2364
2705
2510
2788
2973
2476
2507
2632
2675
2592
2676
2333
2501
2660
2582
2634
2937
2482
2527
2777
2921
2995
3030
2459
2527
2578
2790
2781
2870
2496
2506
2790
2758
2896
3158
2491
2412
2675
2646
2862
2956
2693
2448
2726
2622
2987
2915
2639
2614
2831
2622
2750
2874
2492
2534
2835
2855
2932
2947
2533
2500
2693
2597
2709
2928
2459
2415
2812
2784
2930
2989
2480
2600
2747
2908
2970
3088
2714
2496
2627
2632
2769
2935
2454
2431
2665
2687
2927
3056
2508
2519
2772
2537
2894
2857
2441
2628
2816
2570
2880
2991
2528
2439
2708
2649
2644
2762
2355
2583
2826
2799
2911
2958
2427
2487
2635
2746
2828
2956
2223
2381
2747
2727
2825
2868
2464
2496
2589
2719
3016
2832
2673
2423
2749
2569
2952
2854
2455
2559
2776
2640
2789
2967
2474
2541
2789
2614
2679
2840
2504
2399
2566
2558
2851
2874
2490
2555
2886
2815
2848
2895
2430
2478
2734
2885
2908
2977
2503
2527
2777
2811
2976
3131
2491
2536
2739
2676
2997
2959
2633
2387
2615
2761
2956
3112
2444
2520
3032
2804
2757
2994
2423
2455
2837
2807
2949
2822
2718
2503
2854
2578
2842
2941
2671
2504
2780
2779
2787
2937
2462
2504
2877
2844
2895
2833
2369
2657
2683
2770
2774
2848
2319
2336
2391
2559
2606
2629
2378
2400
2498
2491
2595
2727
2297
2300
2570
2501
2656
2878
2360
2552
2797
2720
2784
2754
2346
2531
2662
2536
2627
2780
2351
2283
2581
2621
2778
2883
2317
2355
2539
2715
2763
2799
2323
2336
2599
2534
2894
2664
2394
2541
2724
2760
2874
2766
2370
2415
2664
2762
2744
2848
2449
2472
2763
2517
2905
2875
2344
2444
2773
2595
2644
2690
2413
2336
2656
2614
2810
2837
2489
2299
2530
2593
2709
2834
2323
2318
2668
2747
2769
2780
2332
2324
2567
2505
2637
2837
2354
2327
2734
2618
2774
2943
2369
2337
2766
2571
2787
2700
2507
2460
2643
2497
2759
2874
2334
2388
2601
2613
2618
2820
2305
2507
2586
2535
2741
2812
2283
2424
2379
2554
2632
2980
2271
2433
2643
2638
2697
2890
2191
2306
2633
2634
2613
2823
2422
2355
2597
2457
2681
2795
2254
2270
2440
2591
2578
2812
2422
2247
2441
2500
2608
2849
2226
2342
2560
2506
2663
2716
2371
2343
2619
2587
2678
2707
2485
2287
2593
2635
2725
2950
2462
2420
2673
2640
2728
2872
2382
2506
2541
2752
2684
2667
2448
2234
2578
2473
2748
2818
2248
2217
2616
2658
2754
2779
2478
2367
2734
2506
2557
2781
2434
2273
2632
2316
2446
2665
2311
2133
2791
2434
2565
2655
2105
2252
2685
2575
2639
2667
2198
2205
2694
2342
2544
2476
2171
2302
2361
2684
2656
2490
2355
2249
2687
2376
2601
2741
2190
2226
2565
2497
2638
2644
2360
2367
2512
2436
2497
2454
2364
2313
2414
2326
2482
2501
2362
2215
2641
2426
2468
2758
2207
2274
2318
2450
2486
2663
2414
2248
2490
2328
2545
2713
2054
2166
2416
2546
2534
2520
2322
2300
2554
2465
2715
2909
2200
2185
2412
2386
2472
2700
2175
2130
2501
2410
2595
2676
2399
2158
2418
2228
2583
2661
2412
2156
2507
2407
2444
2670
2172
2233
2398
2378
2415
2474
2199
2298
2424
2393
2538
2586
2096
2176
2334
2353
2456
2540
2345
2196
2334
2533
2295
2601
2216
2094
2406
2456
2537
2480
2159
2167
2436
2461
2551
2655
2206
2107
2344
2346
2359
2573
2240
2107
2389
2220
2551
2578
2246
2163
2491
2393
2575
2488
2181
2285
2475
2349
2510
2659
2146
2279
2432
2357
2575
2637
2186
2432
2483
2359
2572
2671
2182
2257
2408
2344
2592
2571
2201
2330
2607
2481
2634
2605
2297
2366
2552
2588
2728
2696
2584
2347
2597
2441
2625
2716
2324
2181
2344
2404
2593
2520
2314
2135
2505
2453
2714
2720
2181
2221
2517
2393
2458
2483
2221
2197
2615
2453
2574
2586
2298
2162
2418
2560
2749
2469
2289
2163
2643
2486
2594
2618
2176
2238
2468
2676
2538
2747
2449
2253
2687
2546
2735
2777
2371
2448
2697
2505
2764
2688
2490
2359
2726
2585
2646
2767
2364
2371
2458
2499
2721
2885
2396
2422
2653
2587
2665
2764
2228
2587
2564
2516
2742
2802
2311
2441
2672
2635
2671
2993
2297
2422
2524
2815
2707
2934
2522
2409
2792
2577
2781
2931
2446
2431
2621
2623
2800
2946
2705
2404
2676
2679
2824
2912
2513
2588
2674
2537
2751
2870
2558
2552
2657
2772
2925
2963
2471
2525
2631
2585
2751
2786
2555
2491
2827
2681
2936
2853
2526
2566
2758
2774
2977
2871
2664
2552
2785
2782
3060
2896
2407
2547
2861
2691
2842
2957
2473
2416
2860
2681
2933
2965
2465
2360
2695
2576
2902
3060
2543
2298
2842
2628
2727
2830
2329
2497
2854
2683
2894
2830
2500
2626
2711
2610
2799
2995
2383
2617
2541
2627
2776
2952
2235
2659
2808
2736
2947
2975
2419
2672
2749
2698
2863
2966
2495
2581
2793
2733
2699
2852
2460
2636
2813
2776
2917
2886
2539
2585
2645
2764
2924
2997
2367
2496
2779
2759
2688
2806
2477
2357
2749
2670
2964
2933
2493
2328
2895
2765
2871
3021
2401
2379
2755
2708
2827
2977
2613
2312
2663
2674
2922
2919
2533
2402
2926
2690
2911
2953
2389
2303
2858
2762
3008
2963
2545
2485
2816
2714
2869
2934
2583
2483
2814
2626
2805
2948
2473
2407
2778
2696
2786
2971
2479
2483
2697
2786
2745
2776
2425
2481
2765
2801
2861
2874
2554
2582
2693
2732
2646
2850
2509
2330
2649
2776
2809
2961
2480
2465
2797
2870
2771
2886
2365
2490
2719
2704
2750
2773
2484
2395
2696
2869
2699
2882
2635
2689
2801
2652
2852
3008
2517
2534
2769
2659
2858
2969
2481
2653
2867
2593
2885
2952
2559
2559
2636
2690
2837
3051
2650
2545
2932
2646
2785
2912
2333
2478
2723
2817
2908
2948
2645
2508
2791
2619
2862
3053
2458
2189
2660
2554
2643
2914
2598
2179
2691
2594
2939
2975
2413
2290
2623
2546
2668
2766
2310
2452
2717
2545
2675
2768
2333
2418
2505
2621
2622
2797
2457
2344
2560
2534
2689
2924
2298
2433
2576
2629
2615
2680
2310
2341
2746
2598
2648
2804
2279
2346
2507
2625
2762
2794
2322
2321
2594
2560
2586
2701
2297
2238
2514
2572
2788
2668
2313
2199
2624
2566
2710
2764
2408
2416
2553
2698
2771
2830
2593
2240
2664
2384
2654
2686
2236
2266
2496
2595
2711
2762
2362
2310
2584
2569
2622
2790
2452
2306
2620
2469
2684
2704
2573
2341
2631
2506
2679
2903
2461
2330
2587
2543
2667
2703
2367
2338
2552
2342
2567
2802
2275
2457
2603
2533
2701
2724
2397
2516
2712
2584
2790
2696
2418
2399
2588
2712
2660
2611
2414
2529
2689
2634
2673
2812
2267
2159
2329
2533
2672
2805
2317
2315
2687
2636
2676
2783
2249
2318
2485
2410
2704
2488
2441
2069
2635
2551
2664
2653
2378
2357
2515
2420
2577
2687
2443
2390
2544
2467
2634
2725
2335
2473
2426
2361
2636
2611
2234
2287
2503
2647
2696
2879
2336
2480
2579
2678
2694
2766
2458
2479
2531
2654
2788
2914
2589
2364
2519
2586
2761
2790
2581
2492
2500
2619
2852
2880
2401
2411
2677
2632
2803
2982
2422
2474
2713
2661
2665
2697
2351
2379
2647
2485
2677
2838
2552
2433
2729
2618
2716
2888
2373
2336
2639
2682
2865
2730
2283
2506
2620
2697
2881
2773
2310
2551
2725
2700
2986
2917
2385
2375
2534
2583
2836
2834
2440
2503
2625
2553
2872
2779
2461
2556
2716
2691
2825
2773
2437
2411
2616
2467
2664
2713
2424
2512
2576
2605
2761
2931
2353
2380
2531
2674
2769
2795
2216
2399
2648
2609
2732
2921
2362
2426
2492
2744
2829
2927
2414
2346
2764
2675
2951
2987
2567
2619
2589
2644
2923
2938
2408
2517
2760
2615
2861
2915
2430
2647
2681
2632
2837
3049
2449
2450
2782
2540
2700
2906
2243
2484
2601
2814
2883
2903
2506
2466
2757
2867
2819
2991
2310
2507
2733
2823
2776
2970
2217
2390
2595
2672
2679
2816
2380
2430
2739
2761
2667
2830
2335
2376
2592
2588
2745
2737
2533
2356
2588
2689
2869
3015
2588
2370
2687
2606
2585
2879
2583
2446
2725
2612
2625
2803
2673
2520
2645
2590
2644
2905
2418
2448
2745
2675
2637
2759
2287
2376
2419
2415
2703
2757
2400
2228
2442
2614
2670
2866
2289
2394
2711
2594
2705
2732
2419
2467
2690
2541
2782
2894
2306
2335
2738
2459
2549
2809
2277
2331
2524
2444
2593
2623
2462
2317
2527
2377
2602
2777
2328
2354
2612
2478
2767
2773
2350
2438
2502
2640
2712
2715
2381
2426
2387
2493
2601
2843
2237
2288
2503
2566
2757
2821
2158
2181
2505
2503
2649
2630
2441
2376
2595
2505
2801
2721
2408
2173
2550
2595
2644
2703
2504
2237
2483
2380
2555
2718
2178
2192
2566
2422
2515
2713
2152
2394
2599
2530
2675
2725
2285
2325
2515
2469
2710
2624
2361
2334
2628
2598
2628
2732
2182
2371
2611
2593
2728
2791
2309
2419
2568
2493
2707
2669
2191
2363
2665
2489
2744
2691
2375
2367
2757
2624
2672
2744
2407
2191
2643
2512
2582
2654
2404
2133
2624
2603
2554
2865
2328
2298
2630
2465
2726
2716
2352
2162
2410
2626
2732
2748
2363
2417
2643
2621
2818
2735
2240
2231
2568
2501
2626
2744
2514
2283
2611
2586
2758
2856
2676
2532
2685
2630
2655
2840
2536
2472
2848
2627
2811
2710
2324
2555
2622
2666
2706
2837
2370
2466
2679
2605
2767
2999
2512
2493
2673
2600
2733
2850
2513
2487
2648
2752
2827
2843
2481
2401
2718
2762
2734
2802
2363
2320
2653
2678
2787
2876
2526
2366
2681
2638
2763
2952
2650
2364
2748
2523
2730
2723
2493
2454
2796
2648
2744
2885
2523
2468
2652
2580
2772
2867
2325
2501
2555
2533
2812
2792
2336
2524
2396
2369
2554
2663
2443
2579
2704
2718
2895
2934
2378
2646
2798
2565
2703
2813
2383
2585
2756
2644
2747
2933
2369
2322
2570
2527
2771
2878
2373
2285
2552
2428
2839
2816
2318
2449
2613
2637
2646
2908
2352
2340
2595
2626
2810
2810
2298
2401
2595
2527
2790
2900
2372
2319
2473
2560
2778
2758
2257
2395
2637
2550
2863
2730
2360
2515
2628
2644
2594
2708
2330
2274
2630
2641
2822
2895
2529
2375
2639
2552
2851
2680
2452
2278
2643
2704
2708
2749
2400
2197
2746
2794
2854
2798
2394
2368
2785
2693
2816
2790
2407
2376
2623
2662
2702
2809
2348
2405
2595
2726
2738
2849
2374
2413
2731
2798
2953
2974
2508
2548
2809
2703
2789
2968
2461
2437
2903
2569
2757
3015
2512
2490
2874
2822
2856
2954
2565
2665
2867
2609
2801
2808
2367
2565
2692
2795
2763
2973
2463
2321
2766
2740
2801
2853
2422
2431
2724
2680
2917
2927
2698
2572
2835
2774
2920
2981
2687
2613
2632
2849
2825
2833
2615
2524
2771
2731
2881
3022
2463
2515
2639
2767
2867
2960
2556
2366
2749
2560
2797
2935
2568
2491
2861
2727
2800
3068
2602
2456
2854
2685
2788
2991
2462
2426
2691
2522
2672
2907
2391
2425
2598
2603
2867
3003
2361
2426
2817
2691
2882
2951
2483
2601
2741
2749
2872
2965
2588
2529
2639
2668
2905
2878
2474
2526
2675
2683
2706
2986
2302
2371
2595
2708
2719
2896
2525
2523
2537
2533
2712
2684
2418
2309
2737
2633
2566
2771
2284
2331
2655
2515
2590
2842
2311
2248
2388
2453
2651
2732
2364
2551
2644
2499
2717
2812
2308
2401
2659
2492
2646
2699
2172
2323
2696
2733
2887
2915
2415
2427
2617
2405
2753
2678
2390
2196
2577
2372
2753
2691
2338
2316
2561
2711
2770
2703
2382
2350
2598
2611
2748
2797
2350
2287
2662
2492
2591
2622
2363
2261
2574
2378
2733
2833
2443
2217
2546
2560
2527
2736
2401
2185
2552
2459
2586
2468
2222
2227
2465
2675
2793
2663
2332
2367
2660
2700
2546
2755
2153
2350
2597
2626
2695
2772
2497
2453
2613
2511
2689
2808
2342
2198
2579
2618
2763
2810
2400
2340
2615
2603
2590
2585
2399
2554
2512
2649
2642
2667
2391
2442
2546
2561
2672
2796
2344
2479
2690
2653
2631
2791
2373
2330
2837
2703
2640
2957
2444
2113
2528
2512
2728
2687
2558
2354
2671
2619
2809
2781
2570
2393
2549
2581
2757
2867
2344
2327
2592
2525
2724
2966
2464
2439
2428
2470
2738
2744
2505
2458
2797
2388
2759
2882
2353
2615
2585
2698
2617
2960
2400
2390
2519
2765
2712
2860
2337
2591
2580
2495
2747
2808
2364
2409
2613
2647
2920
2936
2459
2384
2586
2681
2779
2739
2571
2414
2723
2496
2775
2819
2258
2327
2660
2593
2719
2924
2325
2197
2482
2530
2663
2614
2269
2361
2626
2606
2796
2629
2429
2506
2590
2622
2850
2789
2455
2425
2495
2676
2789
2972
2327
2466
2705
2675
2811
2953
2407
2529
2659
2531
2830
2862
2519
2403
2673
2699
2666
2901
2498
2481
2840
2704
2857
3002
2572
2556
2942
2730
2854
2882
2467
2448
2778
2576
2849
3005
2496
2359
2607
2604
2930
2975
2297
2498
2790
2748
2853
2855
2134
2575
2843
2724
2902
2843
2467
2441
2649
2598
2738
2845
2461
2418
2820
2708
2801
3025
2602
2402
2783
2632
2900
2753
2402
2424
2727
2634
2729
2651
2364
2458
2719
2649
2638
2852
2444
2352
2705
2549
2805
2802
2452
2345
2477
2735
2721
2736
2557
2432
2579
2665
2831
2900
2558
2396
2831
2631
2758
2852
2290
2305
2695
2645
2955
2862
2527
2586
2628
2769
2936
2890
2490
2515
2680
2639
2618
2815
2517
2450
2710
2659
2676
3074
2541
2457
2625
2558
2679
3027
2393
2420
2761
2517
2744
2814
2354
2622
2734
2516
2611
2914
2349
2527
2636
2820
2786
2903
2432
2553
2676
2757
2918
2740
2448
2627
2683
2707
2770
2843
2370
2385
2649
2764
2805
2968
2623
2481
2633
2715
2754
2896
2453
2444
2796
2605
2775
2779
2353
2177
2656
2571
2822
2832
2464
2281
2640
2640
2630
2663
2561
2494
2628
2632
2746
2815
2358
2353
2710
2621
2900
2959
2196
2424
2697
2615
2770
2887
2371
2341
2717
2434
2718
2850
2452
2257
2681
2505
2775
2759
2432
2401
2872
2679
2924
2804
2333
2437
2643
2583
2598
2788
2263
2478
2525
2566
2803
2848
2283
2229
2459
2659
2796
2814
2370
2357
2624
2546
2563
2759
2242
2425
2696
2763
2541
2823
2607
2252
2500
2594
2724
2695
2464
2312
2598
2501
2737
2857
2232
2370
2708
2770
2643
2882
2370
2230
2567
2612
2784
2753
2427
2390
2692
2654
2760
2942
2459
2488
2790
2705
2964
2959
2514
2463
2585
2541
2678
2878
2452
2475
2667
2573
2798
2865
2400
2412
2797
2583
2748
2964
2456
2370
2763
2679
2653
2950
