186
209
176
156
197
269
183
203
180
137
225
170
130
213
201
172
205
202
207
178
178
193
224
171
191
286
212
238
323
364
299
261
226
236
288
247
215
351
186
209
338
352
312
228
288
200
372
254
124
201
147
177
263
226
235
184
186
144
219
196
146
219
166
145
196
203
166
148
160
125
192
144
205
251
231
223
222
234
246
256
183
174
254
252
162
209
149
173
189
200
170
184
165
130
201
149
235
298
271
176
348
372
298
235
302
205
377
255
189
290
236
223
314
361
296
263
242
262
325
240
163
173
181
177
155
186
181
197
97
161
200
221
122
174
146
104
206
217
214
158
163
104
235
196
176
219
264
269
226
249
271
310
132
256
271
289
220
321
336
229
320
351
335
291
266
278
391
302
221
322
262
247
323
283
293
259
265
200
338
266
232
339
232
250
267
307
236
252
244
210
302
202
193
225
214
214
235
228
219
212
170
175
211
223
248
281
273
254
279
303
271
290
223
234
333
281
179
247
246
204
231
255
215
217
197
225
248
188
128
225
190
190
220
246
245
219
162
226
260
205
155
229
208
226
222
241
222
236
146
218
209
199
214
316
159
198
271
299
183
164
249
180
250
122
186
302
231
203
248
268
243
232
221
217
352
220
170
254
191
188
282
297
229
210
232
191
264
165
227
309
241
225
303
314
248
237
245
193
297
218
306
344
363
299
304
361
287
342
266
297
387
296
188
311
284
252
324
329
385
320
251
266
395
354
242
315
310
323
313
363
324
361
245
313
332
292
183
256
155
195
257
303
221
217
214
166
246
174
192
203
184
129
252
250
193
158
215
112
236
177
200
272
284
267
299
318
337
314
207
283
332
329
92
175
121
179
161
126
159
153
104
139
113
125
193
287
289
282
322
292
317
288
221
294
304
286
247
346
265
266
396
393
352
307
332
226
365
279
161
242
237
195
292
315
297
251
233
248
324
247
190
284
189
163
256
269
225
188
264
155
299
168
183
256
236
215
254
246
293
254
197
209
299
282
196
302
236
278
309
259
282
258
222
226
257
239
254
369
257
276
340
295
286
255
303
221
317
224
125
226
205
156
293
265
287
195
234
178
269
219
215
288
270
243
284
339
287
303
247
262
339
243
122
239
186
173
231
226
214
170
178
207
231
155
294
363
350
341
374
401
360
395
291
285
381
333
136
209
246
222
309
246
335
257
207
217
242
286
167
246
274
255
255
241
295
303
197
240
292
268
238
337
283
284
310
340
310
308
244
282
356
285
150
193
184
165
202
247
205
197
140
177
207
190
